####################################

DIVERSIFICATION FALSE

####################################

FICHIER 1.dat
------------------ 10 Solutions tabuTernure: 1 ------------------ 
[3, 9, 1, 12, 2, 11, 8, 4, 10, 6, 7, 5]:612.0
[9, 1, 3, 2, 11, 8, 7, 10, 12, 4, 6, 5]:604.0
[2, 3, 8, 1, 5, 6, 7, 4, 10, 11, 9, 12]:622.0
[1, 3, 8, 4, 9, 11, 7, 12, 2, 10, 6, 5]:598.0
[3, 8, 1, 2, 9, 7, 11, 10, 12, 4, 6, 5]:590.0
[6, 5, 10, 2, 7, 11, 9, 3, 8, 4, 12, 1]:586.0
[3, 12, 9, 2, 1, 7, 11, 10, 8, 4, 6, 5]:600.0
[3, 1, 2, 10, 9, 11, 7, 6, 12, 8, 4, 5]:590.0
[2, 3, 9, 1, 10, 11, 7, 8, 5, 6, 12, 4]:600.0
[8, 4, 3, 1, 7, 11, 9, 12, 6, 5, 10, 2]:598.0
-------------------------------------------------------------- 
The best: [6, 5, 10, 2, 7, 11, 9, 3, 8, 4, 12, 1] Fitness: 586.0
The mean: 600.0
The standard deviation 32.37282811247729
Execution time mean : 771
------------------ 10 Solutions tabuTernure: 6 ------------------ 
[3, 12, 4, 8, 1, 9, 11, 7, 2, 10, 5, 6]:598.0
[1, 5, 4, 8, 10, 6, 11, 7, 2, 3, 9, 12]:600.0
[5, 4, 8, 1, 6, 11, 7, 2, 10, 12, 9, 3]:594.0
[3, 9, 12, 10, 2, 7, 11, 6, 1, 8, 4, 5]:594.0
[2, 10, 6, 5, 3, 9, 11, 12, 1, 7, 8, 4]:596.0
[5, 4, 8, 12, 6, 7, 11, 9, 10, 2, 1, 3]:590.0
[2, 10, 5, 6, 3, 1, 4, 8, 12, 9, 11, 7]:608.0
[5, 10, 2, 3, 6, 11, 7, 9, 4, 8, 1, 12]:598.0
[3, 12, 7, 8, 10, 9, 11, 4, 2, 5, 6, 1]:628.0
[8, 4, 6, 5, 1, 7, 11, 10, 3, 12, 9, 2]:600.0
-------------------------------------------------------------- 
The best: [5, 4, 8, 12, 6, 7, 11, 9, 10, 2, 1, 3] Fitness: 590.0
The mean: 600.6
The standard deviation 32.25523213371747
Execution time mean : 621
------------------ 10 Solutions tabuTernure: 10 ------------------ 
[3, 1, 2, 10, 9, 11, 7, 6, 12, 8, 4, 5]:590.0
[3, 1, 2, 10, 9, 11, 7, 6, 12, 8, 4, 5]:590.0
[5, 1, 4, 8, 6, 11, 9, 7, 10, 2, 12, 3]:610.0
[1, 8, 7, 4, 3, 11, 9, 12, 2, 10, 6, 5]:592.0
[2, 10, 6, 5, 1, 8, 4, 11, 3, 7, 12, 9]:618.0
[2, 3, 9, 12, 10, 6, 11, 7, 5, 1, 4, 8]:600.0
[5, 4, 8, 1, 6, 11, 7, 3, 10, 12, 9, 2]:598.0
[12, 1, 8, 4, 9, 7, 11, 6, 3, 2, 10, 5]:598.0
[7, 11, 6, 10, 4, 12, 9, 5, 8, 1, 3, 2]:638.0
[5, 4, 8, 12, 6, 11, 7, 9, 10, 2, 1, 3]:586.0
-------------------------------------------------------------- 
The best: [5, 4, 8, 12, 6, 11, 7, 9, 10, 2, 1, 3] Fitness: 586.0
The mean: 602.0
The standard deviation 47.916594202843754
Execution time mean : 639



###########################################################################################################################

FICHIER 40.dat


------------------ 10 Solutions tabuTernure: 20 ------------------ 
[6, 36, 2, 20, 34, 28, 38, 31, 35, 12, 1, 40, 25, 4, 11, 9, 14, 27, 7, 22, 5, 18, 10, 3, 16, 8, 37, 29, 23, 15, 33, 26, 17, 24, 39, 30, 32, 21, 19, 13]:591320.0
[36, 11, 13, 40, 15, 12, 32, 9, 7, 35, 33, 16, 8, 34, 1, 5, 14, 39, 31, 20, 38, 27, 18, 10, 28, 19, 37, 22, 21, 2, 29, 24, 23, 25, 6, 30, 17, 3, 4, 26]:592262.0
[30, 29, 8, 19, 16, 20, 6, 39, 10, 27, 38, 23, 26, 15, 3, 22, 24, 28, 34, 32, 21, 33, 18, 17, 31, 11, 12, 14, 13, 37, 35, 25, 2, 9, 7, 40, 4, 36, 5, 1]:590180.0
[32, 26, 18, 13, 5, 7, 25, 34, 11, 39, 19, 9, 38, 3, 35, 6, 40, 8, 23, 4, 22, 10, 12, 14, 28, 16, 2, 30, 15, 37, 36, 27, 17, 20, 31, 21, 29, 1, 24, 33]:590336.0
[25, 16, 26, 39, 6, 18, 36, 4, 20, 21, 35, 27, 17, 24, 23, 33, 37, 15, 12, 8, 32, 34, 11, 28, 13, 22, 3, 31, 14, 30, 5, 9, 2, 7, 29, 40, 19, 1, 10, 38]:594692.0
[11, 22, 28, 14, 18, 20, 6, 5, 17, 9, 38, 15, 1, 8, 35, 36, 16, 7, 30, 26, 3, 12, 4, 27, 37, 32, 13, 39, 24, 33, 23, 31, 21, 29, 34, 40, 10, 2, 19, 25]:585710.0
[8, 25, 5, 1, 18, 20, 14, 15, 7, 37, 21, 22, 16, 40, 30, 31, 11, 3, 28, 29, 26, 27, 33, 17, 35, 6, 12, 9, 19, 34, 4, 39, 2, 10, 32, 23, 13, 24, 36, 38]:585196.0
[14, 31, 29, 28, 18, 32, 37, 1, 25, 11, 20, 26, 36, 15, 34, 8, 40, 23, 5, 24, 10, 6, 22, 17, 33, 4, 16, 39, 13, 27, 3, 19, 30, 9, 7, 12, 38, 2, 35, 21]:580172.0
[29, 14, 11, 5, 7, 32, 6, 19, 20, 3, 36, 16, 24, 27, 22, 26, 28, 13, 15, 33, 34, 37, 17, 38, 8, 1, 25, 40, 31, 10, 2, 12, 23, 39, 18, 4, 9, 21, 35, 30]:590834.0
[33, 37, 18, 31, 25, 9, 27, 13, 23, 8, 30, 26, 16, 7, 29, 21, 24, 5, 10, 12, 28, 4, 20, 32, 36, 3, 35, 2, 38, 14, 34, 40, 19, 11, 39, 15, 22, 1, 6, 17]:592750.0
-------------------------------------------------------------- 
The best: [14, 31, 29, 28, 18, 32, 37, 1, 25, 11, 20, 26, 36, 15, 34, 8, 40, 23, 5, 24, 10, 6, 22, 17, 33, 4, 16, 39, 13, 27, 3, 19, 30, 9, 7, 12, 38, 2, 35, 21] Fitness: 580172.0
The mean: 589345.2
The standard deviation 13079.056907896686
Execution time mean : 53413


###########################################################################################################################

FICHIER 50.dat


------------------ 10 Solutions tabuTernure: 25 ------------------ 
[39, 28, 29, 2, 45, 11, 27, 19, 32, 20, 46, 13, 12, 4, 37, 38, 3, 1, 17, 16, 7, 5, 18, 23, 48, 25, 8, 47, 30, 44, 26, 24, 34, 43, 9, 35, 10, 14, 6, 42, 36, 33, 49, 21, 41, 15, 50, 22, 40, 31]:1421482.0
[31, 42, 28, 47, 22, 46, 19, 5, 33, 21, 10, 40, 38, 17, 37, 14, 30, 32, 4, 1, 2, 49, 6, 20, 11, 12, 27, 7, 41, 8, 36, 18, 50, 35, 29, 3, 34, 15, 45, 26, 9, 39, 43, 24, 48, 44, 16, 13, 23, 25]:1420266.0
[34, 38, 39, 25, 10, 13, 35, 21, 7, 42, 28, 50, 22, 11, 36, 6, 2, 43, 17, 45, 27, 47, 24, 4, 1, 5, 26, 31, 48, 14, 23, 8, 44, 18, 20, 3, 40, 15, 12, 19, 29, 37, 41, 46, 32, 16, 9, 33, 30, 49]:1434580.0
[23, 12, 10, 45, 11, 30, 22, 24, 1, 17, 27, 41, 50, 42, 33, 3, 31, 46, 20, 36, 4, 9, 38, 39, 6, 35, 18, 44, 13, 25, 49, 26, 48, 5, 32, 34, 28, 43, 15, 40, 16, 21, 14, 37, 7, 2, 8, 47, 19, 29]:1422878.0
[30, 18, 27, 41, 35, 20, 26, 29, 14, 8, 45, 17, 15, 21, 33, 2, 32, 6, 4, 49, 16, 9, 1, 37, 3, 36, 28, 11, 5, 7, 22, 24, 43, 13, 12, 23, 48, 44, 19, 25, 50, 31, 38, 10, 47, 39, 34, 40, 46, 42]:1428190.0
[17, 19, 32, 41, 24, 29, 44, 48, 10, 42, 45, 13, 4, 27, 31, 12, 1, 6, 25, 9, 39, 22, 20, 26, 50, 15, 40, 38, 8, 11, 5, 16, 23, 3, 34, 43, 18, 35, 7, 2, 21, 46, 36, 30, 37, 14, 33, 47, 49, 28]:1426190.0
[9, 22, 23, 49, 33, 20, 15, 10, 27, 12, 43, 1, 32, 24, 7, 48, 11, 38, 42, 39, 26, 46, 31, 45, 8, 36, 21, 37, 35, 18, 2, 50, 6, 13, 47, 16, 4, 41, 34, 44, 40, 29, 17, 28, 19, 14, 5, 3, 30, 25]:1432926.0
[26, 27, 8, 45, 32, 16, 28, 29, 17, 22, 46, 18, 44, 40, 11, 12, 9, 50, 31, 49, 30, 14, 13, 24, 23, 19, 37, 15, 20, 38, 35, 1, 48, 25, 43, 47, 36, 39, 41, 4, 33, 7, 34, 5, 10, 2, 3, 42, 21, 6]:1436106.0
[38, 13, 21, 34, 8, 50, 26, 17, 23, 6, 40, 33, 48, 19, 35, 5, 22, 3, 14, 20, 47, 43, 11, 41, 31, 39, 7, 12, 36, 27, 42, 44, 2, 46, 4, 25, 30, 45, 29, 10, 16, 32, 1, 18, 28, 24, 9, 49, 37, 15]:1425278.0
[38, 20, 34, 7, 10, 24, 33, 18, 29, 43, 6, 17, 2, 41, 16, 1, 27, 5, 40, 12, 42, 13, 23, 30, 21, 46, 19, 50, 25, 47, 26, 35, 36, 22, 15, 45, 48, 37, 39, 14, 8, 28, 32, 4, 9, 3, 31, 49, 11, 44]:1426466.0
-------------------------------------------------------------- 
The best: [31, 42, 28, 47, 22, 46, 19, 5, 33, 21, 10, 40, 38, 17, 37, 14, 30, 32, 4, 1, 2, 49, 6, 20, 11, 12, 27, 7, 41, 8, 36, 18, 50, 35, 29, 3, 34, 15, 45, 26, 9, 39, 43, 24, 48, 44, 16, 13, 23, 25] Fitness: 1420266.0
The mean: 1427436.2
The standard deviation 16483.294925469236
Execution time mean : 112428

###########################################################################################################################

FICHIER 80.dat

------------------ 10 Solutions tabuTernure: 40 ------------------ 
[17, 46, 38, 12, 49, 57, 76, 18, 73, 35, 45, 25, 62, 8, 10, 33, 56, 47, 26, 43, 51, 66, 54, 67, 65, 58, 21, 39, 72, 22, 15, 31, 80, 78, 13, 63, 52, 55, 27, 34, 11, 40, 68, 37, 23, 24, 9, 6, 64, 14, 16, 4, 36, 1, 48, 5, 74, 30, 50, 2, 71, 61, 28, 59, 60, 69, 44, 53, 70, 75, 29, 77, 41, 32, 7, 20, 19, 79, 42, 3]:9495228.0
[29, 19, 74, 2, 78, 14, 18, 26, 34, 31, 3, 48, 69, 27, 11, 39, 50, 32, 57, 68, 72, 15, 43, 49, 75, 47, 46, 52, 67, 71, 63, 73, 13, 79, 62, 17, 35, 9, 77, 65, 44, 76, 37, 23, 38, 16, 30, 55, 45, 60, 66, 10, 59, 61, 41, 58, 70, 7, 1, 4, 36, 42, 20, 12, 8, 5, 22, 40, 6, 33, 21, 25, 64, 54, 56, 28, 80, 24, 51, 53]:9460250.0
[8, 49, 50, 18, 35, 7, 39, 28, 62, 19, 53, 3, 66, 63, 12, 58, 29, 68, 54, 36, 23, 44, 17, 69, 25, 65, 16, 76, 59, 74, 60, 43, 1, 77, 32, 26, 71, 9, 13, 24, 38, 51, 67, 46, 4, 40, 30, 15, 10, 78, 37, 42, 72, 61, 48, 75, 80, 2, 34, 56, 5, 31, 20, 6, 14, 27, 41, 70, 52, 22, 57, 21, 11, 33, 79, 64, 73, 45, 47, 55]:9446072.0
[14, 72, 26, 59, 38, 77, 23, 50, 6, 31, 47, 73, 25, 71, 40, 65, 13, 74, 28, 75, 10, 54, 29, 46, 58, 20, 19, 24, 36, 68, 8, 22, 53, 69, 3, 45, 7, 76, 78, 79, 21, 48, 49, 43, 33, 61, 2, 64, 51, 34, 62, 1, 32, 56, 52, 66, 16, 70, 42, 60, 27, 12, 55, 39, 11, 5, 67, 15, 80, 57, 18, 4, 44, 30, 35, 41, 17, 63, 37, 9]:9401202.0
[34, 77, 33, 61, 65, 37, 27, 28, 30, 44, 69, 39, 59, 64, 53, 22, 40, 42, 26, 43, 6, 71, 72, 45, 1, 48, 57, 80, 52, 4, 73, 14, 76, 9, 11, 66, 20, 21, 12, 2, 50, 8, 60, 35, 51, 29, 79, 23, 13, 24, 67, 31, 55, 41, 3, 58, 62, 17, 49, 5, 63, 74, 18, 68, 15, 75, 38, 16, 47, 78, 7, 10, 32, 46, 19, 54, 25, 70, 56, 36]:9353620.0
[57, 65, 79, 29, 80, 48, 60, 14, 2, 37, 75, 49, 47, 16, 78, 41, 38, 46, 63, 18, 12, 67, 64, 1, 25, 34, 20, 72, 76, 21, 58, 53, 70, 71, 56, 36, 32, 35, 10, 52, 27, 44, 74, 51, 13, 73, 54, 31, 42, 55, 40, 50, 7, 15, 8, 68, 22, 9, 39, 43, 17, 5, 24, 3, 59, 23, 45, 66, 11, 6, 28, 26, 69, 30, 61, 62, 77, 33, 19, 4]:9422890.0
[49, 47, 64, 30, 18, 35, 43, 55, 37, 48, 66, 14, 17, 50, 75, 22, 61, 78, 67, 31, 41, 45, 33, 42, 51, 73, 26, 9, 24, 16, 2, 3, 53, 71, 10, 74, 57, 69, 54, 70, 80, 59, 44, 76, 39, 29, 40, 11, 25, 68, 79, 38, 63, 52, 46, 58, 6, 8, 15, 28, 21, 4, 72, 1, 32, 13, 12, 77, 7, 60, 27, 19, 20, 65, 62, 34, 23, 36, 56, 5]:9436122.0
[61, 68, 13, 63, 39, 14, 42, 54, 36, 9, 79, 5, 77, 37, 51, 59, 10, 56, 18, 6, 35, 48, 73, 58, 38, 69, 40, 25, 31, 62, 34, 17, 43, 30, 33, 57, 45, 11, 19, 60, 2, 70, 23, 74, 22, 4, 26, 49, 46, 24, 55, 78, 71, 75, 21, 50, 16, 1, 66, 12, 65, 29, 52, 76, 44, 32, 53, 80, 72, 7, 3, 64, 15, 20, 28, 41, 8, 27, 67, 47]:9363198.0
[49, 21, 73, 69, 6, 63, 77, 31, 78, 19, 8, 62, 11, 54, 32, 67, 45, 24, 65, 37, 2, 55, 26, 39, 33, 71, 44, 23, 74, 10, 72, 52, 64, 34, 79, 75, 57, 30, 7, 70, 56, 36, 42, 25, 17, 41, 5, 43, 68, 27, 40, 53, 3, 12, 22, 48, 13, 61, 35, 38, 66, 46, 76, 51, 18, 29, 50, 16, 28, 15, 20, 1, 14, 59, 60, 4, 58, 9, 47, 80]:9509530.0
[47, 42, 10, 71, 50, 20, 14, 18, 17, 62, 74, 27, 8, 73, 26, 33, 72, 5, 48, 65, 61, 77, 75, 12, 63, 34, 41, 13, 25, 51, 32, 36, 29, 23, 68, 37, 69, 78, 2, 7, 31, 76, 19, 3, 52, 6, 64, 44, 54, 58, 30, 16, 67, 15, 79, 1, 9, 46, 11, 43, 21, 49, 57, 38, 22, 28, 80, 39, 35, 60, 45, 59, 4, 70, 24, 40, 55, 66, 56, 53]:9476560.0
-------------------------------------------------------------- 
The best: [34, 77, 33, 61, 65, 37, 27, 28, 30, 44, 69, 39, 59, 64, 53, 22, 40, 42, 26, 43, 6, 71, 72, 45, 1, 48, 57, 80, 52, 4, 73, 14, 76, 9, 11, 66, 20, 21, 12, 2, 50, 8, 60, 35, 51, 29, 79, 23, 13, 24, 67, 31, 55, 41, 3, 58, 62, 17, 49, 5, 63, 74, 18, 68, 15, 75, 38, 16, 47, 78, 7, 10, 32, 46, 19, 54, 25, 70, 56, 36] Fitness: 9353620.0
The mean: 9436467.2
The standard deviation 157214.62655109417
Execution time mean : 613019


###########################################################################################################################

FICHIER 100.dat


------------------ 10 Solutions tabuTernure: 50 ------------------ 
[52, 26, 32, 21, 33, 65, 67, 88, 14, 17, 86, 49, 41, 9, 3, 24, 89, 19, 27, 34, 13, 20, 79, 47, 16, 38, 87, 29, 30, 7, 12, 25, 77, 81, 62, 72, 70, 95, 35, 15, 83, 97, 68, 28, 22, 84, 98, 8, 76, 44, 66, 18, 45, 85, 69, 23, 64, 51, 1, 100, 71, 37, 10, 59, 11, 92, 53, 50, 63, 56, 73, 46, 39, 61, 31, 78, 57, 82, 74, 48, 93, 2, 55, 60, 58, 94, 42, 90, 5, 6, 91, 54, 80, 43, 75, 4, 40, 99, 36, 96]:2.2862628E7
[39, 95, 92, 14, 20, 38, 31, 83, 6, 19, 37, 93, 11, 2, 22, 48, 56, 50, 57, 77, 94, 28, 87, 23, 51, 65, 45, 86, 73, 99, 58, 70, 80, 55, 3, 10, 97, 76, 34, 74, 64, 44, 33, 24, 13, 16, 4, 46, 26, 98, 75, 84, 42, 17, 66, 88, 18, 49, 59, 68, 54, 79, 9, 32, 30, 5, 40, 67, 82, 15, 53, 41, 61, 47, 71, 12, 89, 63, 29, 8, 35, 7, 1, 72, 81, 78, 36, 96, 100, 27, 85, 25, 91, 69, 52, 43, 90, 21, 62, 60]:2.2873734E7
[71, 22, 96, 44, 33, 65, 31, 1, 47, 16, 14, 51, 92, 40, 54, 95, 89, 11, 74, 23, 13, 68, 97, 100, 20, 86, 3, 12, 88, 87, 53, 37, 45, 36, 85, 62, 35, 67, 49, 46, 25, 43, 9, 27, 66, 56, 83, 4, 84, 75, 82, 8, 41, 94, 93, 7, 60, 90, 78, 64, 48, 34, 52, 15, 57, 63, 30, 17, 73, 98, 38, 28, 32, 80, 91, 50, 55, 69, 59, 21, 18, 61, 99, 58, 39, 79, 29, 5, 24, 10, 81, 42, 19, 76, 6, 2, 70, 26, 77, 72]:2.2829472E7
[34, 73, 4, 14, 97, 20, 85, 100, 74, 30, 15, 33, 61, 2, 46, 55, 63, 23, 62, 59, 98, 76, 27, 13, 12, 91, 43, 67, 44, 51, 65, 25, 11, 92, 93, 32, 49, 81, 35, 24, 96, 41, 68, 82, 56, 58, 7, 39, 71, 52, 9, 80, 37, 87, 6, 3, 77, 75, 1, 60, 86, 57, 88, 18, 78, 28, 64, 42, 70, 50, 16, 83, 36, 79, 95, 31, 54, 72, 17, 47, 66, 29, 19, 38, 94, 90, 5, 8, 22, 89, 48, 84, 40, 53, 69, 10, 26, 21, 99, 45]:2.2742412E7
[61, 11, 68, 64, 20, 62, 69, 70, 32, 49, 71, 52, 4, 9, 58, 16, 7, 79, 21, 56, 75, 87, 31, 72, 42, 74, 33, 54, 78, 60, 93, 2, 35, 40, 43, 44, 73, 99, 3, 23, 39, 13, 38, 88, 24, 46, 66, 36, 1, 47, 51, 19, 5, 26, 10, 30, 57, 91, 63, 29, 22, 96, 48, 83, 89, 53, 90, 65, 17, 27, 85, 98, 86, 76, 81, 92, 37, 80, 95, 94, 100, 28, 50, 45, 14, 77, 84, 41, 67, 97, 55, 6, 34, 15, 25, 12, 18, 59, 82, 8]:2.280315E7
[9, 5, 18, 63, 1, 2, 46, 88, 58, 35, 61, 30, 67, 24, 90, 51, 10, 37, 50, 29, 81, 100, 3, 31, 62, 80, 12, 93, 78, 14, 6, 19, 74, 36, 33, 87, 99, 8, 47, 86, 59, 20, 75, 21, 57, 39, 83, 7, 34, 49, 84, 15, 38, 64, 77, 96, 48, 26, 28, 42, 85, 11, 22, 71, 68, 89, 43, 97, 4, 76, 69, 53, 70, 55, 91, 27, 32, 45, 56, 65, 94, 73, 25, 72, 16, 17, 79, 52, 40, 92, 95, 44, 54, 66, 60, 23, 41, 13, 82, 98]:2.2991496E7
[65, 2, 40, 75, 54, 32, 59, 99, 8, 53, 9, 96, 70, 12, 50, 68, 41, 19, 22, 100, 37, 64, 71, 58, 10, 27, 62, 69, 92, 66, 1, 24, 18, 85, 17, 82, 47, 21, 38, 35, 14, 88, 39, 48, 45, 49, 3, 79, 86, 56, 4, 90, 25, 55, 76, 30, 16, 87, 34, 36, 89, 46, 78, 60, 80, 84, 15, 7, 98, 77, 26, 43, 28, 93, 31, 72, 67, 6, 13, 97, 29, 42, 52, 63, 20, 74, 61, 23, 44, 95, 91, 73, 5, 57, 11, 94, 51, 33, 81, 83]:2.277989E7
[61, 1, 22, 54, 44, 7, 78, 84, 94, 34, 90, 32, 75, 49, 98, 71, 73, 27, 50, 20, 28, 60, 67, 31, 81, 80, 17, 10, 25, 72, 19, 79, 52, 99, 53, 3, 74, 46, 85, 36, 70, 63, 39, 48, 45, 68, 95, 87, 82, 42, 4, 8, 37, 58, 35, 47, 16, 38, 69, 9, 30, 43, 86, 76, 29, 33, 40, 56, 41, 24, 6, 59, 14, 21, 96, 12, 93, 5, 100, 77, 92, 65, 64, 18, 57, 15, 66, 51, 91, 55, 13, 2, 62, 11, 89, 83, 23, 97, 26, 88]:2.2881854E7
[62, 52, 27, 80, 50, 93, 75, 54, 6, 32, 88, 38, 10, 18, 26, 100, 72, 83, 90, 70, 74, 37, 4, 79, 65, 59, 98, 48, 87, 78, 3, 2, 58, 25, 15, 69, 60, 14, 19, 9, 53, 57, 81, 89, 12, 21, 61, 76, 56, 97, 63, 29, 13, 95, 82, 96, 85, 42, 64, 92, 66, 33, 1, 73, 91, 45, 31, 8, 20, 35, 36, 17, 68, 23, 49, 22, 40, 39, 86, 7, 99, 55, 51, 44, 5, 47, 43, 30, 94, 24, 11, 16, 41, 77, 67, 71, 46, 34, 28, 84]:2.295582E7
[32, 92, 76, 100, 43, 22, 42, 27, 57, 55, 70, 13, 45, 93, 75, 81, 15, 23, 21, 78, 10, 49, 50, 95, 19, 36, 31, 67, 72, 11, 60, 39, 38, 58, 44, 26, 6, 24, 63, 71, 53, 68, 79, 80, 52, 34, 20, 33, 30, 69, 17, 9, 1, 74, 18, 4, 91, 62, 8, 29, 87, 66, 61, 94, 16, 77, 48, 47, 99, 14, 54, 51, 46, 86, 82, 98, 88, 25, 40, 83, 56, 84, 37, 64, 2, 90, 97, 7, 65, 5, 41, 3, 89, 59, 96, 35, 73, 28, 12, 85]:2.2964948E7
-------------------------------------------------------------- 
The best: [34, 73, 4, 14, 97, 20, 85, 100, 74, 30, 15, 33, 61, 2, 46, 55, 63, 23, 62, 59, 98, 76, 27, 13, 12, 91, 43, 67, 44, 51, 65, 25, 11, 92, 93, 32, 49, 81, 35, 24, 96, 41, 68, 82, 56, 58, 7, 39, 71, 52, 9, 80, 37, 87, 6, 3, 77, 75, 1, 60, 86, 57, 88, 18, 78, 28, 64, 42, 70, 50, 16, 83, 36, 79, 95, 31, 54, 72, 17, 47, 66, 29, 19, 38, 94, 90, 5, 8, 22, 89, 48, 84, 40, 53, 69, 10, 26, 21, 99, 45] Fitness: 2.2742412E7
The mean: 2.28685404E7
The standard deviation 248674.33800535192
Execution time mean : 1370426

#######################################################################################################################################################################################################################################################################################################################################################################################################################################################################################################################################################################################################################################



####################################

DIVERSIFICATION TRUE

####################################

FICHIER 1.dat


------------------ 10 Solutions tabuTernure: 1 ------------------ 
[1, 4, 8, 3, 5, 6, 7, 12, 10, 2, 11, 9]:614.0
[3, 11, 9, 12, 1, 8, 4, 7, 2, 10, 5, 6]:606.0
[8, 4, 1, 5, 7, 11, 6, 10, 12, 9, 3, 2]:600.0
[1, 3, 2, 10, 8, 7, 11, 6, 4, 12, 9, 5]:592.0
[5, 4, 8, 12, 6, 7, 11, 9, 10, 2, 1, 3]:590.0
[2, 3, 9, 1, 10, 7, 11, 8, 6, 5, 12, 4]:610.0
[5, 6, 7, 10, 4, 11, 8, 2, 12, 9, 3, 1]:606.0
[6, 11, 7, 8, 5, 9, 12, 4, 10, 2, 3, 1]:600.0
[6, 5, 12, 4, 10, 7, 11, 8, 2, 3, 9, 1]:610.0
[8, 7, 3, 10, 4, 9, 11, 6, 1, 12, 2, 5]:630.0
-------------------------------------------------------------- 
The best: [5, 4, 8, 12, 6, 7, 11, 9, 10, 2, 1, 3] Fitness: 590.0
The mean: 605.8
The standard deviation 34.577449298639706
Execution time mean : 108
------------------ 10 Solutions tabuTernure: 6 ------------------ 
[10, 3, 2, 1, 5, 9, 12, 4, 6, 11, 7, 8]:612.0
[8, 4, 6, 5, 1, 7, 11, 10, 3, 12, 9, 2]:600.0
[2, 10, 6, 5, 9, 11, 7, 12, 3, 1, 8, 4]:590.0
[3, 8, 1, 2, 9, 11, 7, 10, 12, 4, 6, 5]:586.0
[1, 4, 8, 3, 2, 10, 11, 9, 5, 6, 7, 12]:602.0
[10, 2, 12, 3, 6, 11, 9, 7, 5, 1, 4, 8]:610.0
[5, 4, 8, 12, 6, 7, 11, 9, 10, 2, 1, 3]:590.0
[4, 8, 1, 12, 6, 11, 7, 9, 5, 10, 2, 3]:598.0
[2, 10, 6, 5, 9, 11, 7, 12, 1, 3, 8, 4]:598.0
[4, 12, 9, 5, 8, 7, 11, 6, 1, 3, 2, 10]:592.0
-------------------------------------------------------------- 
The best: [3, 8, 1, 2, 9, 11, 7, 10, 12, 4, 6, 5] Fitness: 586.0
The mean: 597.8
The standard deviation 25.837956575549853
Execution time mean : 72
------------------ 10 Solutions tabuTernure: 10 ------------------ 
[4, 1, 8, 3, 12, 9, 7, 2, 5, 11, 6, 10]:622.0
[3, 8, 1, 2, 9, 11, 7, 10, 12, 4, 6, 5]:586.0
[12, 9, 11, 10, 4, 7, 6, 5, 1, 8, 3, 2]:622.0
[5, 6, 4, 12, 10, 7, 8, 11, 2, 1, 3, 9]:600.0
[6, 5, 12, 4, 10, 11, 9, 7, 2, 1, 3, 8]:620.0
[2, 10, 5, 6, 3, 7, 11, 9, 1, 8, 4, 12]:602.0
[4, 8, 1, 3, 5, 10, 2, 12, 6, 7, 11, 9]:622.0
[10, 12, 9, 3, 6, 11, 7, 2, 5, 4, 8, 1]:594.0
[1, 4, 8, 3, 5, 6, 7, 12, 10, 2, 11, 9]:614.0
[2, 9, 3, 1, 10, 11, 7, 8, 6, 5, 12, 4]:610.0
-------------------------------------------------------------- 
The best: [3, 8, 1, 2, 9, 11, 7, 10, 12, 4, 6, 5] Fitness: 586.0
The mean: 609.2
The standard deviation 39.212242986087894
Execution time mean : 45

###########################################################################################################################

FICHIER 40.dat

------------------ 10 Solutions tabuTernure: 20 ------------------ 
[35, 38, 21, 22, 36, 16, 14, 25, 18, 5, 27, 28, 31, 15, 17, 10, 34, 3, 7, 9, 13, 40, 2, 32, 30, 29, 33, 1, 4, 26, 37, 23, 12, 20, 8, 11, 6, 19, 24, 39]:586778.0
[35, 26, 37, 5, 38, 8, 15, 29, 3, 4, 22, 12, 25, 6, 36, 1, 17, 40, 33, 7, 28, 23, 10, 34, 32, 14, 30, 13, 2, 39, 16, 18, 19, 27, 9, 11, 20, 21, 31, 24]:579448.0
[40, 21, 2, 28, 30, 3, 20, 27, 16, 7, 5, 26, 31, 29, 36, 38, 32, 23, 35, 17, 22, 37, 19, 34, 8, 10, 33, 25, 13, 11, 4, 1, 9, 39, 6, 18, 14, 24, 15, 12]:588756.0
[30, 13, 3, 24, 32, 2, 21, 1, 12, 5, 35, 39, 34, 17, 9, 23, 20, 38, 19, 6, 27, 14, 33, 18, 36, 10, 37, 40, 26, 31, 11, 25, 16, 8, 28, 15, 4, 7, 29, 22]:586904.0
[10, 16, 36, 20, 29, 32, 18, 31, 15, 1, 19, 30, 4, 3, 13, 38, 12, 6, 25, 27, 5, 37, 7, 26, 21, 35, 39, 22, 34, 11, 8, 23, 9, 33, 40, 14, 24, 28, 17, 2]:591092.0
[36, 30, 25, 32, 27, 38, 7, 23, 10, 8, 40, 2, 1, 39, 34, 28, 22, 26, 13, 24, 9, 5, 31, 19, 3, 6, 29, 16, 20, 4, 12, 11, 15, 21, 37, 17, 35, 18, 33, 14]:591950.0
[5, 26, 33, 37, 30, 3, 15, 4, 29, 18, 35, 27, 1, 10, 31, 21, 32, 19, 20, 23, 6, 34, 36, 38, 2, 14, 24, 40, 25, 12, 16, 9, 22, 7, 17, 39, 11, 8, 13, 28]:583896.0
[12, 13, 22, 6, 16, 33, 32, 3, 7, 1, 35, 24, 15, 34, 21, 30, 10, 11, 37, 19, 40, 17, 29, 14, 27, 26, 23, 4, 39, 25, 36, 20, 28, 38, 8, 9, 31, 2, 18, 5]:583346.0
[28, 33, 7, 19, 3, 24, 4, 15, 8, 22, 11, 2, 29, 38, 40, 10, 17, 20, 32, 1, 5, 18, 39, 6, 25, 12, 13, 36, 31, 26, 30, 23, 21, 27, 35, 14, 16, 34, 9, 37]:598862.0
[20, 2, 23, 25, 34, 32, 6, 35, 15, 4, 19, 5, 13, 29, 26, 3, 37, 1, 22, 16, 24, 30, 17, 31, 36, 7, 38, 40, 11, 21, 8, 18, 39, 33, 28, 27, 14, 9, 10, 12]:580950.0
-------------------------------------------------------------- 
The best: [35, 26, 37, 5, 38, 8, 15, 29, 3, 4, 22, 12, 25, 6, 36, 1, 17, 40, 33, 7, 28, 23, 10, 34, 32, 14, 30, 13, 2, 39, 16, 18, 19, 27, 9, 11, 20, 21, 31, 24] Fitness: 579448.0
The mean: 587198.2
The standard deviation 17358.713880930234
Execution time mean : 4408


###########################################################################################################################

FICHIER 50.dat

------------------ 10 Solutions tabuTernure: 25 ------------------ 
[1, 2, 20, 9, 41, 50, 29, 19, 27, 47, 34, 33, 40, 49, 14, 38, 6, 37, 44, 5, 18, 10, 24, 4, 11, 17, 31, 12, 21, 30, 7, 42, 48, 43, 36, 8, 16, 22, 3, 39, 35, 13, 23, 46, 28, 26, 15, 32, 45, 25]:1438042.0
[10, 9, 35, 1, 41, 40, 42, 4, 13, 47, 24, 16, 44, 37, 6, 29, 17, 46, 48, 19, 11, 12, 21, 43, 20, 7, 32, 36, 33, 34, 30, 8, 14, 38, 26, 25, 15, 31, 45, 39, 23, 18, 27, 2, 3, 22, 50, 5, 49, 28]:1426366.0
[10, 15, 18, 33, 22, 50, 28, 29, 26, 30, 14, 23, 9, 39, 24, 13, 41, 25, 35, 5, 7, 42, 21, 27, 44, 45, 16, 2, 38, 4, 8, 3, 49, 6, 19, 43, 17, 12, 11, 34, 48, 31, 20, 47, 46, 1, 32, 37, 40, 36]:1427102.0
[49, 3, 21, 15, 45, 40, 25, 6, 1, 29, 16, 26, 24, 39, 14, 5, 37, 13, 11, 4, 7, 35, 12, 30, 32, 44, 36, 28, 41, 43, 8, 48, 42, 18, 34, 20, 19, 22, 50, 10, 9, 31, 2, 17, 23, 47, 27, 33, 46, 38]:1428014.0
[7, 16, 45, 29, 32, 19, 36, 23, 30, 12, 26, 44, 33, 17, 24, 6, 22, 49, 50, 25, 18, 11, 43, 14, 37, 13, 5, 27, 47, 3, 40, 39, 8, 35, 21, 48, 2, 1, 38, 15, 41, 42, 34, 46, 10, 4, 20, 28, 9, 31]:1440670.0
[2, 42, 4, 43, 1, 49, 15, 24, 19, 37, 16, 18, 14, 12, 47, 6, 35, 41, 39, 25, 9, 22, 23, 28, 11, 17, 13, 27, 50, 7, 33, 21, 31, 5, 10, 45, 32, 36, 44, 34, 8, 3, 48, 46, 20, 38, 30, 40, 29, 26]:1425796.0
[13, 29, 42, 28, 18, 19, 15, 30, 11, 46, 50, 38, 5, 25, 26, 37, 44, 40, 10, 12, 47, 35, 39, 9, 24, 14, 33, 1, 32, 23, 43, 49, 36, 27, 16, 22, 45, 31, 20, 21, 3, 41, 4, 48, 2, 17, 7, 6, 8, 34]:1426464.0
[28, 47, 45, 30, 13, 25, 35, 39, 44, 12, 7, 10, 3, 31, 33, 42, 34, 49, 24, 19, 5, 23, 8, 41, 9, 36, 40, 11, 20, 26, 4, 1, 14, 32, 48, 43, 22, 46, 38, 27, 37, 17, 50, 29, 21, 6, 15, 16, 18, 2]:1422132.0
[28, 14, 47, 22, 7, 15, 32, 36, 20, 48, 45, 8, 25, 21, 9, 17, 30, 40, 13, 16, 6, 29, 26, 10, 24, 35, 34, 4, 1, 37, 11, 12, 5, 38, 42, 44, 2, 18, 39, 41, 33, 19, 31, 27, 23, 3, 50, 43, 46, 49]:1424062.0
[39, 42, 33, 12, 28, 5, 4, 7, 3, 35, 2, 13, 14, 32, 26, 36, 21, 24, 20, 43, 6, 16, 8, 49, 40, 50, 17, 30, 22, 9, 18, 10, 23, 25, 45, 48, 31, 34, 27, 41, 1, 37, 38, 44, 29, 19, 11, 46, 47, 15]:1424238.0
-------------------------------------------------------------- 
The best: [28, 47, 45, 30, 13, 25, 35, 39, 44, 12, 7, 10, 3, 31, 33, 42, 34, 49, 24, 19, 5, 23, 8, 41, 9, 36, 40, 11, 20, 26, 4, 1, 14, 32, 48, 43, 22, 46, 38, 27, 37, 17, 50, 29, 21, 6, 15, 16, 18, 2] Fitness: 1422132.0
The mean: 1428288.6
The standard deviation 18311.885331663696
Execution time mean : 14007


###########################################################################################################################

FICHIER 80.dat

------------------ 10 Solutions tabuTernure: 40 ------------------ 
[25, 51, 72, 79, 53, 56, 77, 66, 9, 75, 29, 47, 11, 74, 71, 55, 18, 35, 70, 10, 36, 42, 67, 31, 52, 59, 64, 43, 14, 65, 58, 2, 7, 57, 27, 46, 16, 22, 32, 50, 60, 44, 62, 63, 19, 8, 12, 69, 49, 41, 17, 73, 39, 54, 24, 20, 61, 23, 37, 80, 34, 13, 68, 6, 76, 15, 3, 30, 48, 1, 38, 26, 45, 28, 5, 78, 4, 33, 21, 40]:9416320.0
[58, 5, 53, 71, 46, 59, 3, 67, 33, 57, 9, 25, 34, 7, 65, 4, 17, 48, 41, 62, 45, 1, 50, 35, 54, 18, 44, 37, 26, 21, 31, 43, 75, 76, 10, 11, 42, 64, 47, 49, 80, 74, 69, 70, 61, 27, 73, 38, 79, 40, 55, 60, 15, 16, 56, 78, 63, 29, 52, 28, 36, 39, 13, 22, 24, 23, 20, 77, 2, 6, 68, 12, 30, 14, 72, 19, 51, 66, 8, 32]:9466648.0
[78, 17, 67, 34, 49, 26, 14, 62, 47, 69, 61, 8, 54, 30, 5, 75, 2, 3, 1, 15, 38, 23, 52, 68, 35, 76, 12, 74, 33, 59, 58, 45, 10, 18, 44, 77, 64, 51, 46, 65, 22, 32, 71, 37, 36, 6, 63, 7, 70, 27, 24, 4, 55, 25, 39, 72, 28, 16, 21, 50, 31, 9, 66, 40, 60, 11, 79, 42, 19, 57, 73, 80, 53, 20, 29, 13, 48, 56, 41, 43]:9422020.0
[36, 66, 24, 60, 8, 46, 11, 70, 41, 3, 51, 15, 68, 43, 7, 39, 74, 10, 4, 49, 20, 1, 76, 9, 73, 6, 29, 47, 37, 31, 45, 69, 2, 44, 55, 72, 61, 22, 79, 53, 63, 25, 18, 59, 77, 65, 14, 56, 78, 42, 64, 38, 17, 26, 54, 75, 67, 23, 34, 71, 19, 57, 35, 62, 28, 40, 58, 16, 21, 48, 27, 5, 12, 13, 30, 50, 52, 33, 80, 32]:9438746.0
[2, 60, 80, 16, 1, 37, 15, 75, 79, 53, 76, 71, 40, 66, 46, 59, 9, 49, 32, 55, 50, 42, 23, 27, 41, 58, 25, 64, 17, 68, 21, 6, 77, 69, 3, 61, 26, 78, 73, 56, 13, 7, 67, 28, 44, 14, 62, 31, 43, 72, 36, 10, 5, 18, 74, 8, 51, 12, 57, 39, 34, 11, 48, 24, 35, 47, 54, 45, 4, 19, 65, 52, 20, 29, 22, 30, 70, 33, 63, 38]:9451870.0
[49, 75, 28, 34, 21, 3, 51, 37, 55, 16, 74, 62, 80, 14, 31, 56, 4, 30, 65, 38, 58, 39, 26, 27, 29, 43, 8, 76, 23, 5, 42, 61, 13, 33, 1, 36, 59, 66, 60, 64, 41, 47, 50, 18, 44, 35, 78, 45, 52, 24, 2, 71, 6, 68, 69, 67, 53, 63, 25, 73, 15, 7, 46, 12, 20, 19, 48, 17, 9, 54, 72, 70, 32, 40, 77, 22, 79, 11, 57, 10]:9453138.0
[50, 30, 67, 59, 51, 55, 37, 19, 27, 64, 45, 36, 74, 43, 53, 40, 35, 47, 32, 56, 13, 80, 68, 66, 29, 73, 11, 52, 28, 22, 75, 62, 77, 61, 4, 63, 41, 1, 14, 9, 3, 78, 34, 25, 6, 76, 38, 70, 54, 12, 33, 26, 42, 31, 58, 16, 44, 69, 8, 18, 46, 65, 20, 21, 48, 7, 79, 71, 15, 60, 23, 72, 17, 49, 57, 24, 10, 2, 5, 39]:9459150.0
[22, 24, 29, 23, 3, 30, 11, 68, 36, 18, 58, 31, 6, 49, 73, 76, 2, 66, 55, 28, 46, 27, 35, 65, 34, 37, 4, 57, 59, 21, 48, 33, 14, 64, 5, 9, 20, 51, 74, 77, 32, 72, 1, 53, 13, 39, 61, 70, 62, 26, 10, 44, 8, 43, 63, 41, 17, 52, 16, 50, 56, 67, 79, 69, 47, 75, 25, 40, 7, 71, 80, 45, 54, 38, 78, 15, 42, 12, 60, 19]:9463932.0
[34, 17, 15, 64, 4, 78, 70, 63, 32, 36, 25, 24, 67, 74, 23, 66, 69, 40, 55, 22, 65, 71, 19, 44, 33, 61, 1, 73, 38, 43, 5, 76, 75, 46, 62, 56, 35, 18, 45, 48, 13, 59, 58, 2, 39, 12, 11, 52, 16, 47, 72, 49, 9, 7, 54, 68, 28, 29, 3, 6, 41, 30, 80, 79, 50, 60, 26, 42, 14, 37, 53, 31, 27, 51, 57, 21, 10, 20, 77, 8]:9394292.0
[30, 66, 52, 46, 19, 34, 20, 15, 65, 63, 14, 2, 4, 11, 56, 24, 43, 58, 74, 53, 62, 8, 7, 42, 9, 45, 21, 41, 72, 25, 49, 31, 73, 3, 70, 1, 26, 5, 78, 50, 51, 12, 40, 60, 6, 59, 18, 69, 76, 27, 80, 77, 79, 57, 10, 54, 17, 47, 39, 35, 55, 44, 23, 48, 68, 22, 71, 64, 38, 75, 36, 67, 13, 29, 16, 33, 61, 28, 32, 37]:9422660.0
-------------------------------------------------------------- 
The best: [34, 17, 15, 64, 4, 78, 70, 63, 32, 36, 25, 24, 67, 74, 23, 66, 69, 40, 55, 22, 65, 71, 19, 44, 33, 61, 1, 73, 38, 43, 5, 76, 75, 46, 62, 56, 35, 18, 45, 48, 13, 59, 58, 2, 39, 12, 11, 52, 16, 47, 72, 49, 9, 7, 54, 68, 28, 29, 3, 6, 41, 30, 80, 79, 50, 60, 26, 42, 14, 37, 53, 31, 27, 51, 57, 21, 10, 20, 77, 8] Fitness: 9394292.0
The mean: 9438877.6
The standard deviation 72290.92152130861
Execution time mean : 197180


###########################################################################################################################

FICHIER 100.dat


------------------ 10 Solutions tabuTernure: 50 ------------------ 
[85, 17, 31, 30, 98, 67, 22, 5, 74, 11, 80, 56, 10, 24, 25, 60, 51, 4, 76, 15, 16, 29, 82, 87, 8, 36, 57, 72, 9, 34, 32, 7, 33, 66, 13, 41, 28, 40, 83, 88, 90, 55, 75, 61, 59, 93, 39, 54, 12, 3, 2, 6, 37, 64, 91, 27, 77, 71, 43, 97, 94, 49, 73, 95, 78, 42, 63, 58, 23, 47, 20, 35, 50, 70, 89, 52, 19, 21, 65, 48, 62, 99, 53, 96, 79, 26, 86, 92, 1, 38, 45, 46, 68, 81, 100, 84, 44, 18, 69, 14]:2.2888004E7
[50, 81, 58, 28, 79, 18, 44, 96, 59, 71, 29, 84, 56, 23, 35, 10, 70, 16, 77, 43, 14, 72, 68, 20, 87, 78, 89, 38, 76, 2, 69, 34, 39, 21, 73, 91, 4, 99, 54, 65, 40, 12, 15, 75, 48, 85, 67, 64, 63, 22, 61, 33, 45, 80, 74, 97, 32, 27, 94, 6, 60, 24, 55, 26, 36, 30, 95, 11, 57, 46, 100, 37, 90, 52, 5, 82, 51, 41, 3, 1, 25, 17, 53, 98, 66, 93, 92, 47, 7, 13, 8, 9, 83, 31, 49, 88, 86, 19, 62, 42]:2.2755646E7
[60, 12, 6, 39, 84, 76, 81, 38, 97, 53, 45, 18, 91, 67, 64, 41, 94, 58, 88, 98, 85, 11, 8, 22, 46, 16, 75, 54, 63, 3, 65, 80, 20, 96, 33, 95, 52, 69, 13, 83, 61, 71, 72, 99, 48, 47, 4, 36, 7, 31, 56, 89, 28, 79, 62, 15, 5, 1, 26, 77, 93, 86, 32, 44, 68, 40, 19, 51, 27, 50, 10, 34, 37, 21, 87, 73, 74, 92, 42, 100, 43, 9, 90, 82, 2, 17, 49, 55, 14, 24, 23, 29, 25, 57, 70, 35, 59, 66, 30, 78]:2.2785188E7
[42, 85, 98, 44, 83, 6, 67, 31, 17, 74, 90, 23, 80, 9, 84, 62, 89, 58, 99, 82, 34, 88, 22, 75, 5, 26, 45, 77, 91, 95, 4, 46, 59, 47, 57, 81, 100, 68, 24, 94, 41, 97, 86, 8, 71, 51, 48, 39, 78, 15, 10, 27, 73, 36, 93, 2, 3, 56, 70, 29, 16, 79, 32, 72, 49, 53, 1, 64, 21, 18, 87, 60, 52, 14, 20, 96, 54, 76, 30, 35, 66, 19, 28, 37, 61, 43, 92, 63, 55, 25, 65, 12, 38, 11, 13, 7, 50, 40, 33, 69]:2.2837494E7
[64, 38, 8, 98, 55, 7, 36, 15, 74, 14, 1, 5, 45, 56, 77, 16, 71, 70, 13, 44, 95, 96, 50, 67, 62, 73, 48, 58, 46, 18, 9, 23, 68, 86, 17, 52, 47, 25, 53, 24, 34, 87, 42, 31, 20, 41, 28, 30, 59, 11, 6, 27, 94, 19, 75, 100, 12, 72, 4, 43, 99, 66, 2, 40, 57, 49, 97, 92, 10, 29, 81, 83, 85, 93, 88, 78, 91, 79, 84, 76, 51, 3, 65, 61, 35, 90, 54, 22, 37, 32, 33, 21, 82, 26, 60, 89, 80, 69, 39, 63]:2.282951E7
[81, 31, 45, 43, 5, 35, 86, 85, 19, 88, 48, 33, 20, 6, 32, 24, 2, 64, 21, 49, 15, 7, 97, 8, 42, 82, 28, 90, 78, 74, 56, 1, 9, 91, 93, 12, 80, 27, 65, 100, 51, 52, 95, 67, 61, 39, 71, 17, 89, 44, 14, 60, 72, 25, 16, 62, 18, 4, 69, 59, 36, 68, 13, 3, 83, 87, 63, 92, 94, 76, 75, 70, 84, 58, 46, 41, 57, 99, 98, 66, 77, 54, 11, 29, 55, 38, 30, 73, 10, 37, 79, 26, 40, 50, 53, 23, 47, 96, 22, 34]:2.2732478E7
[52, 97, 8, 80, 74, 31, 96, 49, 28, 6, 73, 78, 40, 55, 62, 56, 69, 4, 65, 88, 36, 26, 79, 47, 87, 3, 53, 59, 34, 45, 93, 89, 15, 94, 50, 2, 23, 58, 86, 75, 20, 39, 43, 70, 61, 22, 68, 99, 91, 48, 98, 42, 67, 19, 24, 7, 100, 51, 30, 64, 32, 1, 35, 82, 60, 84, 72, 25, 95, 21, 63, 44, 16, 76, 92, 81, 10, 71, 37, 33, 90, 12, 11, 9, 18, 41, 85, 5, 77, 29, 57, 38, 54, 83, 46, 27, 13, 17, 66, 14]:2.2948916E7
[19, 78, 91, 93, 77, 50, 18, 81, 88, 75, 13, 15, 82, 17, 26, 22, 14, 33, 83, 90, 24, 35, 56, 39, 11, 34, 30, 1, 60, 28, 37, 36, 89, 38, 20, 95, 68, 44, 49, 100, 87, 23, 41, 85, 27, 97, 58, 76, 4, 57, 10, 55, 96, 45, 94, 29, 7, 12, 61, 59, 67, 16, 51, 48, 70, 2, 73, 5, 72, 71, 46, 53, 43, 8, 47, 31, 98, 86, 9, 66, 92, 63, 54, 42, 74, 25, 32, 3, 62, 21, 52, 79, 99, 65, 6, 40, 80, 69, 64, 84]:2.2850536E7
[40, 80, 25, 4, 48, 61, 71, 70, 47, 78, 18, 16, 44, 12, 92, 13, 91, 64, 49, 17, 53, 51, 93, 69, 32, 72, 86, 84, 62, 65, 66, 83, 26, 74, 7, 36, 39, 22, 52, 50, 5, 63, 73, 60, 79, 42, 88, 29, 35, 27, 87, 97, 8, 94, 98, 24, 85, 89, 21, 54, 19, 56, 31, 3, 41, 43, 99, 68, 11, 20, 9, 82, 34, 33, 28, 23, 67, 76, 30, 38, 55, 2, 45, 90, 58, 59, 14, 57, 100, 96, 37, 46, 10, 81, 6, 77, 95, 15, 75, 1]:2.2819398E7
[49, 40, 67, 17, 23, 65, 97, 30, 88, 43, 87, 5, 96, 4, 32, 8, 48, 16, 62, 59, 81, 63, 24, 73, 90, 52, 1, 9, 86, 13, 41, 95, 3, 46, 34, 72, 78, 84, 7, 91, 55, 20, 60, 27, 21, 14, 57, 56, 61, 2, 83, 33, 18, 35, 38, 54, 22, 25, 100, 45, 92, 10, 19, 53, 37, 6, 15, 99, 82, 47, 28, 36, 85, 71, 77, 75, 89, 64, 12, 69, 58, 26, 66, 29, 74, 51, 11, 44, 98, 79, 94, 93, 76, 70, 39, 42, 50, 68, 31, 80]:2.2777226E7
-------------------------------------------------------------- 
The best: [81, 31, 45, 43, 5, 35, 86, 85, 19, 88, 48, 33, 20, 6, 32, 24, 2, 64, 21, 49, 15, 7, 97, 8, 42, 82, 28, 90, 78, 74, 56, 1, 9, 91, 93, 12, 80, 27, 65, 100, 51, 52, 95, 67, 61, 39, 71, 17, 89, 44, 14, 60, 72, 25, 16, 62, 18, 4, 69, 59, 36, 68, 13, 3, 83, 87, 63, 92, 94, 76, 75, 70, 84, 58, 46, 41, 57, 99, 98, 66, 77, 54, 11, 29, 55, 38, 30, 73, 10, 37, 79, 26, 40, 50, 53, 23, 47, 96, 22, 34] Fitness: 2.2732478E7
The mean: 2.28224396E7
The standard deviation 193278.7640854525
Execution time mean : 693309
