100

0  54  80  57  51  6  16  37  32  46  46  1  33  85  71  40  40  61  89  46  45  90  89  96  28  85  84  67  48  78  93  80  82  75  64  70  9  48  56  6  100  28  98  13  65  35  78  9  53  90  11  61  34  96  9  90  56  89  11  23  45  75  55  74  17  67  60  95  45  53  17  86  17  65  15  38  94  43  64  90  67  68  79  27  33  54  45  7  52  48  90  71  59  91  91  100  76  18  67  46  
54  0  43  18  32  25  72  48  69  34  2  72  25  89  75  14  23  38  73  32  8  39  91  47  87  28  8  76  20  54  24  93  34  76  13  60  65  3  25  24  21  36  40  89  56  85  78  83  22  55  49  53  64  78  4  30  79  12  26  55  68  96  7  32  6  43  47  21  98  1  20  50  69  64  3  83  54  86  41  68  84  55  50  94  25  90  86  34  18  90  57  11  32  27  98  70  94  11  65  40  
80  43  0  5  4  14  2  33  39  100  55  31  50  55  88  22  61  25  57  44  94  46  39  80  75  63  85  16  8  79  73  43  73  80  85  91  31  94  45  78  79  88  32  60  51  88  65  92  84  99  31  1  83  92  49  5  8  34  45  100  48  50  68  2  47  48  82  1  53  3  63  45  83  57  61  41  19  30  47  71  74  57  10  53  90  94  5  3  84  44  17  82  62  51  6  17  54  55  9  18  
57  18  5  0  26  20  84  94  70  21  9  79  63  79  37  89  65  35  60  42  21  1  57  27  31  52  75  92  86  49  91  92  54  62  16  87  60  74  56  66  26  22  43  84  30  67  14  90  65  30  55  85  3  53  59  13  75  15  89  70  46  16  92  54  98  44  5  83  90  23  33  62  95  70  51  21  49  74  6  12  58  11  44  9  46  7  74  5  53  58  89  53  4  23  21  89  30  54  73  65  
51  32  4  26  0  6  13  34  44  45  74  98  15  46  26  65  60  68  35  60  82  31  63  29  32  33  94  57  57  27  36  26  67  1  71  86  7  94  62  20  93  21  82  76  3  65  47  18  66  40  78  86  54  33  60  54  54  95  19  92  69  38  55  45  26  79  88  35  16  56  9  6  28  20  86  55  54  62  58  66  98  23  72  52  38  61  66  94  41  51  49  18  45  26  27  27  47  23  81  87  
6  25  14  20  6  0  39  3  97  38  27  5  96  4  2  16  69  59  56  2  81  16  80  11  20  91  56  25  14  58  12  41  93  71  11  32  38  38  91  85  78  100  24  60  84  54  47  32  36  85  21  32  9  23  29  27  67  14  58  20  60  63  77  12  37  97  8  17  65  14  32  54  32  80  38  42  38  5  63  58  78  31  84  50  92  69  1  70  30  91  93  8  20  31  41  33  83  62  54  71  
16  72  2  84  13  39  0  20  53  47  76  63  87  9  71  18  29  81  51  85  100  84  24  42  8  43  92  89  16  98  22  26  3  15  38  15  95  66  18  57  14  3  13  33  55  33  80  80  74  20  37  74  19  52  67  24  95  66  13  83  67  17  49  66  85  39  85  34  3  91  57  78  87  46  24  8  6  65  56  35  82  80  78  1  29  56  26  5  1  6  23  2  32  7  11  20  1  22  41  17  
37  48  33  94  34  3  20  0  35  97  83  49  58  49  11  51  93  23  25  95  70  16  49  64  28  50  27  53  42  36  33  56  40  3  75  58  69  47  46  53  72  93  53  61  43  78  87  61  12  37  7  1  99  69  67  44  60  10  4  10  10  55  82  7  96  5  9  28  76  49  52  44  56  26  63  27  67  49  79  86  49  21  48  33  55  59  3  24  5  39  10  34  23  35  22  21  63  85  46  16  
32  69  39  70  44  97  53  35  0  61  67  60  11  78  37  15  94  40  51  56  83  99  96  87  56  79  80  88  23  15  97  41  85  34  46  100  77  78  86  16  85  16  71  45  40  84  19  64  4  7  19  79  38  84  62  13  46  97  44  17  70  87  67  8  87  49  56  84  28  85  93  56  56  5  68  31  77  46  92  92  41  71  20  15  68  100  94  96  36  39  46  40  53  49  13  16  92  92  15  53  
46  34  100  21  45  38  47  97  61  0  39  37  95  65  54  39  68  90  19  68  52  61  91  10  10  89  50  30  19  90  56  82  67  29  46  98  94  32  95  86  76  40  55  94  4  97  47  83  57  57  95  89  90  100  63  43  8  77  34  79  4  33  79  39  87  93  74  72  67  63  38  7  19  53  62  6  12  97  93  44  46  53  55  82  18  33  71  1  68  89  94  58  52  36  13  41  49  75  89  69  
46  2  55  9  74  27  76  83  67  39  0  10  98  65  91  20  90  99  47  66  86  65  74  66  70  6  39  18  89  42  15  40  37  18  42  52  21  75  43  55  68  68  22  59  43  54  40  14  73  57  41  76  32  53  69  15  53  49  67  84  76  85  49  69  61  58  12  28  63  22  51  61  68  75  10  19  19  2  91  87  72  70  15  82  36  56  44  90  44  28  89  62  25  32  94  62  21  18  83  88  
1  72  31  79  98  5  63  49  60  37  10  0  85  61  3  80  17  96  41  5  7  66  46  71  81  3  68  45  4  97  56  29  7  7  66  3  79  3  41  21  63  85  43  62  62  13  73  70  61  80  98  78  17  58  93  35  58  20  85  14  31  8  98  88  84  77  98  74  35  54  95  76  87  100  6  12  41  65  84  46  20  34  24  43  27  82  45  93  21  9  72  39  19  53  99  36  11  31  85  49  
33  25  50  63  15  96  87  58  11  95  98  85  0  81  61  7  66  98  87  73  68  72  32  20  46  1  79  56  31  95  89  16  100  90  7  60  57  23  44  69  65  37  23  65  67  60  86  53  100  73  63  15  15  72  26  12  31  22  67  67  62  95  26  74  50  22  26  87  69  41  6  33  79  86  74  100  13  77  42  61  14  18  10  16  14  27  37  23  18  19  30  47  84  59  5  71  57  74  22  40  
85  89  55  79  46  4  9  49  78  65  65  61  81  0  63  39  25  68  86  21  99  97  62  50  62  41  19  81  22  86  31  48  60  18  61  6  91  10  63  27  96  50  33  75  95  38  19  66  59  40  64  63  78  99  62  8  58  6  78  50  57  10  32  43  37  53  44  22  98  50  11  99  22  79  81  5  27  25  5  83  16  3  22  73  91  68  38  79  78  72  32  96  32  54  96  57  12  62  22  1  
71  75  88  37  26  2  71  11  37  54  91  3  61  63  0  54  33  47  23  12  64  50  95  74  23  95  14  58  37  40  83  86  81  74  92  34  67  46  25  32  13  53  57  16  81  83  67  9  15  93  100  59  17  11  31  78  9  30  93  50  68  60  33  23  47  52  86  81  34  32  81  53  82  3  83  95  34  26  22  55  94  100  43  8  98  86  84  93  35  4  29  44  5  16  44  13  100  44  90  48  
40  14  22  89  65  16  18  51  15  39  20  80  7  39  54  0  33  30  90  62  4  78  27  41  23  47  5  87  85  88  40  16  61  53  73  71  15  12  9  40  59  89  17  13  81  62  11  5  84  87  90  83  84  23  42  48  81  21  41  69  29  27  98  17  38  86  80  33  78  72  30  42  48  79  48  28  25  44  30  89  83  46  6  85  19  73  77  55  66  45  35  22  37  54  79  80  90  18  41  92  
40  23  61  65  60  69  29  93  94  68  90  17  66  25  33  33  0  87  40  74  73  67  26  39  69  70  78  21  1  67  9  46  94  42  13  16  66  63  40  31  27  95  80  40  86  71  89  15  25  48  71  14  58  11  32  33  63  5  91  37  95  19  92  58  68  86  76  77  36  10  31  2  97  39  72  56  7  73  22  43  26  82  84  9  67  6  8  85  86  84  47  76  60  45  14  94  61  81  16  3  
61  38  25  35  68  59  81  23  40  90  99  96  98  68  47  30  87  0  80  52  86  42  97  98  56  68  95  30  91  89  30  46  5  63  71  5  73  87  41  19  24  51  10  55  1  89  35  35  79  39  92  38  100  40  64  58  88  98  71  23  96  13  62  1  18  58  45  90  42  36  1  53  42  99  55  42  36  95  34  45  31  47  6  86  24  17  4  6  60  100  67  86  52  46  26  93  65  91  48  5  
89  73  57  60  35  56  51  25  51  19  47  41  87  86  23  90  40  80  0  27  67  4  60  65  75  50  25  6  53  90  38  2  96  42  85  62  33  52  80  30  26  90  38  2  75  43  16  26  62  100  1  58  18  15  4  92  63  21  86  32  9  82  6  77  71  16  56  100  17  91  42  5  73  78  17  88  35  74  30  27  9  23  68  73  1  2  53  71  70  27  63  100  89  63  49  2  25  26  85  38  
46  32  44  42  60  2  85  95  56  68  66  5  73  21  12  62  74  52  27  0  28  27  82  76  35  97  68  9  24  69  6  94  29  28  76  97  88  23  66  3  65  41  74  68  62  98  91  21  4  33  15  79  84  17  27  73  29  89  83  50  92  45  1  73  82  65  98  70  65  80  87  12  16  69  31  60  33  58  88  76  9  5  60  37  64  3  29  20  89  75  53  38  80  84  55  61  42  38  16  26  
45  8  94  21  82  81  100  70  83  52  86  7  68  99  64  4  73  86  67  28  0  48  18  7  96  55  93  11  54  83  19  36  78  37  66  67  19  42  99  69  32  85  21  16  26  65  52  43  36  53  38  34  29  58  11  55  22  95  30  76  51  68  62  65  92  4  79  94  37  56  14  42  91  3  61  80  5  39  80  67  9  7  33  57  54  40  70  83  99  46  64  99  4  53  58  71  56  44  63  67  
90  39  46  1  31  16  84  16  99  61  65  66  72  97  50  78  67  42  4  27  48  0  88  6  33  52  40  19  30  82  6  1  44  31  63  35  41  16  100  51  58  86  63  16  30  58  50  69  79  89  94  48  9  22  43  48  99  60  79  62  57  98  42  76  58  40  6  93  22  81  98  89  36  11  49  65  62  23  81  53  25  76  10  45  39  98  29  35  1  38  58  27  15  44  25  19  10  74  70  21  
89  91  39  57  63  80  24  49  96  91  74  46  32  62  95  27  26  97  60  82  18  88  0  79  97  11  89  100  87  7  5  17  27  7  71  74  53  54  74  47  94  41  100  70  94  14  26  20  58  39  8  68  39  48  68  51  1  37  57  17  10  66  23  53  24  8  26  74  15  52  84  25  75  53  79  8  84  47  52  46  38  68  63  70  20  18  99  11  57  28  60  72  71  35  33  35  36  56  47  81  
96  47  80  27  29  11  42  64  87  10  66  71  20  50  74  41  39  98  65  76  7  6  79  0  63  36  56  73  77  30  65  9  37  64  76  100  85  52  1  52  51  62  78  75  51  1  50  23  10  39  59  18  81  64  52  63  68  32  67  3  36  97  33  5  98  30  25  27  18  50  62  16  32  58  12  24  32  55  80  20  35  73  30  20  73  74  48  55  29  39  79  10  32  94  40  88  23  29  74  28  
28  87  75  31  32  20  8  28  56  10  70  81  46  62  23  23  69  56  75  35  96  33  97  63  0  51  1  53  33  57  6  29  89  63  1  5  92  29  59  20  24  5  94  7  25  91  95  77  32  79  10  94  60  71  65  42  96  86  13  64  96  53  52  93  48  45  83  17  99  1  76  4  6  32  68  80  52  64  63  67  15  36  73  54  70  23  49  50  78  71  68  34  39  100  35  39  58  100  64  24  
85  28  63  52  33  91  43  50  79  89  6  3  1  41  95  47  70  68  50  97  55  52  11  36  51  0  55  60  87  87  72  71  22  70  9  88  90  92  95  54  81  59  33  35  37  15  6  76  9  59  48  90  83  78  89  45  85  33  5  37  10  68  38  27  18  68  100  92  6  49  1  15  64  27  46  86  13  25  92  39  41  15  81  26  72  98  6  98  88  99  15  25  80  46  8  9  53  73  11  41  
84  8  85  75  94  56  92  27  80  50  39  68  79  19  14  5  78  95  25  68  93  40  89  56  1  55  0  66  24  91  69  96  76  8  31  55  1  52  70  12  22  18  14  100  93  11  3  59  74  69  72  24  33  91  28  6  57  9  11  64  38  94  58  46  27  27  60  53  59  10  31  36  79  48  70  59  4  76  93  41  16  89  73  70  43  34  60  16  90  41  63  75  16  7  86  59  73  93  29  7  
67  76  16  92  57  25  89  53  88  30  18  45  56  81  58  87  21  30  6  9  11  19  100  73  53  60  66  0  18  52  60  5  64  8  7  46  71  24  74  65  38  71  80  11  19  3  6  74  15  35  73  7  49  75  69  34  42  86  41  43  68  62  93  88  87  7  42  75  58  96  16  2  62  97  49  1  87  4  9  26  43  40  2  30  87  86  12  84  31  4  32  88  48  10  24  26  70  6  83  92  
48  20  8  86  57  14  16  42  23  19  89  4  31  22  37  85  1  91  53  24  54  30  87  77  33  87  24  18  0  80  12  22  58  29  31  31  18  75  24  29  21  19  95  69  14  55  8  46  25  11  71  43  100  53  18  82  22  26  40  100  16  93  88  1  69  82  86  85  7  45  23  65  6  79  62  58  34  51  82  32  6  79  42  37  58  2  20  10  3  85  19  78  2  70  5  15  47  20  15  95  
78  54  79  49  27  58  98  36  15  90  42  97  95  86  40  88  67  89  90  69  83  82  7  30  57  87  91  52  80  0  86  77  61  80  82  11  71  36  58  6  71  39  80  98  25  51  1  30  68  53  72  40  80  51  21  55  29  26  80  73  48  46  64  8  18  47  1  74  44  83  16  48  13  44  35  10  85  68  6  36  49  33  14  23  70  7  75  54  16  12  73  84  63  4  77  35  41  96  47  29  
93  24  73  91  36  12  22  33  97  56  15  56  89  31  83  40  9  30  38  6  19  6  5  65  6  72  69  60  12  86  0  22  30  92  32  2  93  67  16  77  64  7  20  94  36  44  24  72  12  7  13  32  69  8  27  53  96  22  65  68  70  2  47  2  50  31  72  1  60  1  82  93  65  88  97  65  69  19  4  5  99  9  15  29  33  67  53  3  96  23  43  50  10  47  83  45  68  89  19  67  
80  93  43  92  26  41  26  56  41  82  40  29  16  48  86  16  46  46  2  94  36  1  17  9  29  71  96  5  22  77  22  0  10  79  55  71  79  97  68  50  30  21  24  95  23  24  88  11  13  67  44  49  53  81  91  67  49  47  52  66  50  99  74  89  27  70  9  66  70  31  37  95  68  14  44  72  55  59  91  57  73  94  57  14  72  26  6  93  77  82  87  12  42  70  58  69  77  61  57  85  
82  34  73  54  67  93  3  40  85  67  37  7  100  60  81  61  94  5  96  29  78  44  27  37  89  22  76  64  58  61  30  10  0  22  88  28  26  82  70  83  94  71  79  71  73  96  72  1  36  27  69  81  3  86  75  38  26  34  88  31  46  7  25  97  19  36  15  91  39  50  11  84  28  68  82  40  66  31  85  47  53  64  6  16  28  57  16  61  30  64  83  29  80  54  66  56  76  55  64  56  
75  76  80  62  1  71  15  3  34  29  18  7  90  18  74  53  42  63  42  28  37  31  7  64  63  70  8  8  29  80  92  79  22  0  9  43  48  41  71  14  90  58  41  52  50  4  70  76  11  44  30  12  91  13  69  49  92  94  45  89  23  47  67  26  87  52  9  24  34  18  25  78  91  52  59  41  16  100  62  27  90  7  61  58  18  16  87  70  86  40  96  39  45  4  79  33  48  80  73  61  
64  13  85  16  71  11  38  75  46  46  42  66  7  61  92  73  13  71  85  76  66  63  71  76  1  9  31  7  31  82  32  55  88  9  0  54  35  88  10  84  58  90  52  18  72  70  63  92  1  71  80  43  25  47  71  100  52  89  76  99  83  28  51  54  14  76  61  89  30  93  69  34  60  62  88  34  21  55  76  27  27  21  71  22  70  23  94  72  22  7  100  84  96  5  50  90  17  100  80  59  
70  60  91  87  86  32  15  58  100  98  52  3  60  6  34  71  16  5  62  97  67  35  74  100  5  88  55  46  31  11  2  71  28  43  54  0  83  77  63  51  16  31  39  39  69  46  9  83  15  83  50  11  16  10  34  53  78  45  10  55  13  5  2  51  64  13  42  24  81  16  73  26  23  67  74  51  87  11  46  38  44  2  84  32  15  28  17  10  9  16  98  73  11  49  90  37  97  61  30  72  
9  65  31  60  7  38  95  69  77  94  21  79  57  91  67  15  66  73  33  88  19  41  53  85  92  90  1  71  18  71  93  79  26  48  35  83  0  22  96  96  44  58  58  8  10  95  9  73  69  1  100  2  63  93  61  50  31  56  67  68  90  97  94  54  13  8  48  45  22  45  50  13  5  39  15  32  16  21  3  75  10  1  90  10  82  55  35  31  29  75  45  74  65  54  37  47  25  99  70  67  
48  3  94  74  94  38  66  47  78  32  75  3  23  10  46  12  63  87  52  23  42  16  54  52  29  92  52  24  75  36  67  97  82  41  88  77  22  0  31  40  2  82  11  24  26  76  65  40  77  69  99  36  39  74  29  46  42  13  21  83  19  27  75  28  11  2  22  59  2  58  90  5  27  14  43  64  15  5  29  21  68  26  16  49  89  79  51  19  51  38  14  24  55  30  62  98  25  40  65  7  
56  25  45  56  62  91  18  46  86  95  43  41  44  63  25  9  40  41  80  66  99  100  74  1  59  95  70  74  24  58  16  68  70  71  10  63  96  31  0  86  2  67  13  11  91  12  49  16  33  3  68  57  44  64  19  22  27  99  19  70  26  27  83  37  89  94  22  37  40  1  28  27  41  80  97  53  65  80  68  73  96  45  28  13  56  15  10  62  72  41  1  11  55  30  9  95  63  73  24  45  
6  24  78  66  20  85  57  53  16  86  55  21  69  27  32  40  31  19  30  3  69  51  47  52  20  54  12  65  29  6  77  50  83  14  84  51  96  40  86  0  84  29  76  73  91  35  81  74  61  96  75  99  69  50  67  99  42  94  63  86  24  21  72  85  49  23  43  11  99  60  43  76  30  63  50  11  22  60  6  54  19  58  56  9  90  70  70  24  1  100  8  42  82  36  58  48  53  87  70  21  
100  21  79  26  93  78  14  72  85  76  68  63  65  96  13  59  27  24  26  65  32  58  94  51  24  81  22  38  21  71  64  30  94  90  58  16  44  2  2  84  0  87  60  53  53  10  55  43  22  53  18  67  58  50  90  62  65  99  41  27  40  51  22  3  36  43  7  94  51  11  81  44  38  40  75  97  94  88  27  8  4  26  44  93  37  100  13  48  1  31  17  26  40  83  80  59  38  67  29  24  
28  36  88  22  21  100  3  93  16  40  68  85  37  50  53  89  95  51  90  41  85  86  41  62  5  59  18  71  19  39  7  21  71  58  90  31  58  82  67  29  87  0  93  68  88  48  68  48  30  17  98  23  25  70  6  71  24  31  14  34  5  40  22  59  82  12  98  76  77  30  77  25  23  9  64  93  47  7  91  56  49  74  46  5  77  80  23  97  90  27  71  61  94  17  96  8  71  71  20  24  
98  40  32  43  82  24  13  53  71  55  22  43  23  33  57  17  80  10  38  74  21  63  100  78  94  33  14  80  95  80  20  24  79  41  52  39  58  11  13  76  60  93  0  10  97  46  40  45  59  95  71  26  77  1  16  5  47  30  24  21  10  24  85  38  46  65  10  77  79  65  84  45  72  39  8  85  34  10  77  87  59  26  26  92  19  95  64  93  24  31  73  29  56  33  58  92  78  46  84  68  
13  89  60  84  76  60  33  61  45  94  59  62  65  75  16  13  40  55  2  68  16  16  70  75  7  35  100  11  69  98  94  95  71  52  18  39  8  24  11  73  53  68  10  0  69  97  29  15  26  20  71  70  52  52  1  29  44  55  90  47  89  18  49  92  47  12  68  8  57  57  81  11  22  1  24  42  80  55  85  68  59  38  29  89  73  62  3  90  55  40  27  21  93  2  84  34  77  30  45  72  
65  56  51  30  3  84  55  43  40  4  43  62  67  95  81  81  86  1  75  62  26  30  94  51  25  37  93  19  14  25  36  23  73  50  72  69  10  26  91  91  53  88  97  69  0  72  12  71  15  49  22  10  24  33  11  73  28  15  19  74  31  78  59  68  16  85  84  87  33  32  52  49  6  82  30  13  65  73  74  74  35  70  22  9  68  39  99  19  84  63  74  75  9  38  43  68  68  53  61  55  
35  85  88  67  65  54  33  78  84  97  54  13  60  38  83  62  71  89  43  98  65  58  14  1  91  15  11  3  55  51  44  24  96  4  70  46  95  76  12  35  10  48  46  97  72  0  89  54  3  23  49  78  55  55  47  89  22  50  70  55  10  71  44  28  49  44  59  21  67  45  45  14  42  92  45  8  76  10  45  98  85  89  17  75  10  80  63  90  67  61  32  78  43  92  47  55  59  55  83  61  
78  78  65  14  47  47  80  87  19  47  40  73  86  19  67  11  89  35  16  91  52  50  26  50  95  6  3  6  8  1  24  88  72  70  63  9  9  65  49  81  55  68  40  29  12  89  0  85  43  53  75  38  53  5  94  7  44  52  41  5  49  38  66  83  20  79  98  58  73  66  78  97  80  57  43  41  54  1  100  28  99  45  9  4  38  26  57  46  68  41  37  23  25  49  94  84  31  94  87  42  
9  83  92  90  18  32  80  61  64  83  14  70  53  66  9  5  15  35  26  21  43  69  20  23  77  76  59  74  46  30  72  11  1  76  92  83  73  40  16  74  43  48  45  15  71  54  85  0  85  80  75  90  64  90  57  56  63  30  8  72  12  36  58  73  69  36  6  50  3  48  48  50  66  69  61  16  77  79  56  74  47  38  34  74  62  56  86  72  17  47  97  70  70  25  73  42  52  65  1  41  
53  22  84  65  66  36  74  12  4  57  73  61  100  59  15  84  25  79  62  4  36  79  58  10  32  9  74  15  25  68  12  13  36  11  1  15  69  77  33  61  22  30  59  26  15  3  43  85  0  26  50  86  17  69  34  51  6  54  42  18  73  91  98  51  32  36  89  95  63  96  9  77  29  94  6  33  6  36  6  9  13  17  59  37  56  16  81  24  80  37  17  28  37  74  100  88  16  95  47  35  
90  55  99  30  40  85  20  37  7  57  57  80  73  40  93  87  48  39  100  33  53  89  39  39  79  59  69  35  11  53  7  67  27  44  71  83  1  69  3  96  53  17  95  20  49  23  53  80  26  0  64  89  13  21  16  38  100  66  37  49  78  84  31  7  88  99  57  15  57  47  46  71  80  31  66  56  98  25  19  2  80  32  7  30  64  91  27  5  96  5  53  61  46  98  9  56  32  44  6  14  
11  49  31  55  78  21  37  7  19  95  41  98  63  64  100  90  71  92  1  15  38  94  8  59  10  48  72  73  71  72  13  44  69  30  80  50  100  99  68  75  18  98  71  71  22  49  75  75  50  64  0  16  94  42  85  23  56  48  51  90  20  5  82  73  49  77  75  25  74  30  29  11  58  76  44  39  81  88  18  75  17  65  67  57  49  32  46  97  51  58  87  45  33  91  38  91  59  39  38  96  
61  53  1  85  86  32  74  1  79  89  76  78  15  63  59  83  14  38  58  79  34  48  68  18  94  90  24  7  43  40  32  49  81  12  43  11  2  36  57  99  67  23  26  70  10  78  38  90  86  89  16  0  76  19  26  17  4  65  2  88  84  23  54  76  53  97  86  54  29  60  89  26  95  51  2  19  39  50  32  63  29  18  70  44  37  86  47  73  81  59  27  72  47  86  71  49  95  63  96  73  
34  64  83  3  54  9  19  99  38  90  32  17  15  78  17  84  58  100  18  84  29  9  39  81  60  83  33  49  100  80  69  53  3  91  25  16  63  39  44  69  58  25  77  52  24  55  53  64  17  13  94  76  0  59  10  39  30  13  24  71  11  86  78  89  90  5  8  25  8  63  41  91  33  9  32  9  9  17  38  72  80  25  2  5  20  64  36  57  3  5  44  57  40  85  50  34  97  55  78  15  
96  78  92  53  33  23  52  69  84  100  53  58  72  99  11  23  11  40  15  17  58  22  48  64  71  78  91  75  53  51  8  81  86  13  47  10  93  74  64  50  50  70  1  52  33  55  5  90  69  21  42  19  59  0  48  44  62  46  97  66  59  70  33  3  59  45  14  64  12  56  90  23  64  42  74  5  90  24  5  22  53  72  31  91  29  23  55  12  92  40  8  88  45  62  87  85  4  50  34  48  
9  4  49  59  60  29  67  67  62  63  69  93  26  62  31  42  32  64  4  27  11  43  68  52  65  89  28  69  18  21  27  91  75  69  71  34  61  29  19  67  90  6  16  1  11  47  94  57  34  16  85  26  10  48  0  85  78  26  33  84  49  50  83  39  56  97  88  93  29  100  78  20  87  90  9  24  40  16  96  30  27  42  47  66  50  56  18  100  4  71  99  6  30  56  61  32  53  80  4  3  
90  30  5  13  54  27  24  44  13  43  15  35  12  8  78  48  33  58  92  73  55  48  51  63  42  45  6  34  82  55  53  67  38  49  100  53  50  46  22  99  62  71  5  29  73  89  7  56  51  38  23  17  39  44  85  0  97  69  9  29  22  95  94  11  74  9  10  78  85  13  66  74  81  25  70  54  12  67  72  13  41  59  34  70  92  31  16  51  47  44  64  62  34  87  82  12  72  82  59  13  
56  79  8  75  54  67  95  60  46  8  53  58  31  58  9  81  63  88  63  29  22  99  1  68  96  85  57  42  22  29  96  49  26  92  52  78  31  42  27  42  65  24  47  44  28  22  44  63  6  100  56  4  30  62  78  97  0  21  58  4  86  32  15  62  76  87  95  25  15  7  95  89  24  26  38  14  4  54  86  36  52  65  35  25  51  26  15  5  70  3  26  90  13  65  64  89  59  80  53  86  
89  12  34  15  95  14  66  10  97  77  49  20  22  6  30  21  5  98  21  89  95  60  37  32  86  33  9  86  26  26  22  47  34  94  89  45  56  13  99  94  99  31  30  55  15  50  52  30  54  66  48  65  13  46  26  69  21  0  66  9  10  100  52  41  42  32  65  90  96  25  68  88  73  5  98  14  44  30  95  38  44  99  97  59  12  62  60  91  21  24  83  24  84  25  76  19  93  3  14  53  
11  26  45  89  19  58  13  4  44  34  67  85  67  78  93  41  91  71  86  83  30  79  57  67  13  5  11  41  40  80  65  52  88  45  76  10  67  21  19  63  41  14  24  90  19  70  41  8  42  37  51  2  24  97  33  9  58  66  0  1  97  21  3  100  86  92  25  25  29  57  74  97  8  98  12  22  9  35  92  93  83  7  76  45  39  3  76  6  32  62  50  87  8  89  51  68  29  14  1  97  
23  55  100  70  92  20  83  10  17  79  84  14  67  50  50  69  37  23  32  50  76  62  17  3  64  37  64  43  100  73  68  66  31  89  99  55  68  83  70  86  27  34  21  47  74  55  5  72  18  49  90  88  71  66  84  29  4  9  1  0  22  80  40  84  29  12  70  67  34  44  97  59  69  28  6  7  93  86  19  59  60  96  37  67  6  91  21  62  3  28  52  20  15  54  9  17  73  77  37  30  
45  68  48  46  69  60  67  10  70  4  76  31  62  57  68  29  95  96  9  92  51  57  10  36  96  10  38  68  16  48  70  50  46  23  83  13  90  19  26  24  40  5  10  89  31  10  49  12  73  78  20  84  11  59  49  22  86  10  97  22  0  8  96  2  29  80  90  75  16  6  73  62  82  66  23  32  93  22  47  1  27  41  59  20  31  31  28  65  21  84  17  77  37  10  66  14  21  23  8  92  
75  96  50  16  38  63  17  55  87  33  85  8  95  10  60  27  19  13  82  45  68  98  66  97  53  68  94  62  93  46  2  99  7  47  28  5  97  27  27  21  51  40  24  18  78  71  38  36  91  84  5  23  86  70  50  95  32  100  21  80  8  0  49  24  33  78  93  74  32  38  86  2  96  73  72  14  31  11  1  16  16  61  83  77  7  42  12  21  92  29  44  35  50  53  75  84  44  58  94  16  
55  7  68  92  55  77  49  82  67  79  49  98  26  32  33  98  92  62  6  1  62  42  23  33  52  38  58  93  88  64  47  74  25  67  51  2  94  75  83  72  22  22  85  49  59  44  66  58  98  31  82  54  78  33  83  94  15  52  3  40  96  49  0  89  42  79  5  97  94  10  17  13  83  87  75  76  84  45  64  37  52  88  60  48  39  45  29  2  29  18  62  22  21  1  51  93  21  34  18  77  
74  32  2  54  45  12  66  7  8  39  69  88  74  43  23  17  58  1  77  73  65  76  53  5  93  27  46  88  1  8  2  89  97  26  54  51  54  28  37  85  3  59  38  92  68  28  83  73  51  7  73  76  89  3  39  11  62  41  100  84  2  24  89  0  15  58  75  43  97  53  42  81  14  94  1  91  93  83  24  27  77  15  8  93  35  43  16  74  51  6  38  82  24  61  35  80  94  92  45  69  
17  6  47  98  26  37  85  96  87  87  61  84  50  37  47  38  68  18  71  82  92  58  24  98  48  18  27  87  69  18  50  27  19  87  14  64  13  11  89  49  36  82  46  47  16  49  20  69  32  88  49  53  90  59  56  74  76  42  86  29  29  33  42  15  0  81  96  88  96  39  68  97  8  6  76  10  32  53  43  56  44  68  91  72  5  81  8  56  33  76  28  11  19  16  11  7  24  91  63  38  
67  43  48  44  79  97  39  5  49  93  58  77  22  53  52  86  86  58  16  65  4  40  8  30  45  68  27  7  82  47  31  70  36  52  76  13  8  2  94  23  43  12  65  12  85  44  79  36  36  99  77  97  5  45  97  9  87  32  92  12  80  78  79  58  81  0  39  37  14  64  29  35  82  21  36  53  97  3  42  38  74  90  75  73  62  84  58  14  10  66  29  60  39  23  37  52  73  87  52  89  
60  47  82  5  88  8  85  9  56  74  12  98  26  44  86  80  76  45  56  98  79  6  26  25  83  100  60  42  86  1  72  9  15  9  61  42  48  22  22  43  7  98  10  68  84  59  98  6  89  57  75  86  8  14  88  10  95  65  25  70  90  93  5  75  96  39  0  5  96  79  70  35  32  42  62  80  89  60  27  10  30  36  7  71  85  59  97  98  99  83  75  63  51  79  35  88  58  33  96  36  
95  21  1  83  35  17  34  28  84  72  28  74  87  22  81  33  77  90  100  70  94  93  74  27  17  92  53  75  85  74  1  66  91  24  89  24  45  59  37  11  94  76  77  8  87  21  58  50  95  15  25  54  25  64  93  78  25  90  25  67  75  74  97  43  88  37  5  0  55  39  33  5  96  64  92  82  11  71  86  75  10  92  46  32  16  23  9  20  38  58  54  97  64  99  20  85  5  30  75  66  
45  98  53  90  16  65  3  76  28  67  63  35  69  98  34  78  36  42  17  65  37  22  15  18  99  6  59  58  7  44  60  70  39  34  30  81  22  2  40  99  51  77  79  57  33  67  73  3  63  57  74  29  8  12  29  85  15  96  29  34  16  32  94  97  96  14  96  55  0  84  24  30  90  98  72  53  72  61  9  95  86  9  10  86  95  64  68  78  84  99  11  48  60  80  37  79  79  47  75  86  
53  1  3  23  56  14  91  49  85  63  22  54  41  50  32  72  10  36  91  80  56  81  52  50  1  49  10  96  45  83  1  31  50  18  93  16  45  58  1  60  11  30  65  57  32  45  66  48  96  47  30  60  63  56  100  13  7  25  57  44  6  38  10  53  39  64  79  39  84  0  35  19  10  96  76  61  55  65  82  33  13  33  95  46  62  79  17  7  74  91  49  13  6  75  50  96  82  94  38  8  
17  20  63  33  9  32  57  52  93  38  51  95  6  11  81  30  31  1  42  87  14  98  84  62  76  1  31  16  23  16  82  37  11  25  69  73  50  90  28  43  81  77  84  81  52  45  78  48  9  46  29  89  41  90  78  66  95  68  74  97  73  86  17  42  68  29  70  33  24  35  0  74  59  82  15  52  68  22  17  9  12  92  24  99  71  94  60  64  56  70  37  89  16  69  95  51  2  3  58  2  
86  50  45  62  6  54  78  44  56  7  61  76  33  99  53  42  2  53  5  12  42  89  25  16  4  15  36  2  65  48  93  95  84  78  34  26  13  5  27  76  44  25  45  11  49  14  97  50  77  71  11  26  91  23  20  74  89  88  97  59  62  2  13  81  97  35  35  5  30  19  74  0  20  6  100  34  92  92  53  28  14  9  12  16  69  19  92  76  78  70  88  18  5  15  24  79  54  94  65  23  
17  69  83  95  28  32  87  56  56  19  68  87  79  22  82  48  97  42  73  16  91  36  75  32  6  64  79  62  6  13  65  68  28  91  60  23  5  27  41  30  38  23  72  22  6  42  80  66  29  80  58  95  33  64  87  81  24  73  8  69  82  96  83  14  8  82  32  96  90  10  59  20  0  52  72  41  8  84  10  40  92  10  6  88  21  60  27  6  64  90  74  62  28  40  59  63  90  26  81  55  
65  64  57  70  20  80  46  26  5  53  75  100  86  79  3  79  39  99  78  69  3  11  53  58  32  27  48  97  79  44  88  14  68  52  62  67  39  14  80  63  40  9  39  1  82  92  57  69  94  31  76  51  9  42  90  25  26  5  98  28  66  73  87  94  6  21  42  64  98  96  82  6  52  0  44  17  81  74  40  40  10  46  71  74  20  10  50  59  51  21  16  3  42  72  82  26  20  80  79  40  
15  3  61  51  86  38  24  63  68  62  10  6  74  81  83  48  72  55  17  31  61  49  79  12  68  46  70  49  62  35  97  44  82  59  88  74  15  43  97  50  75  64  8  24  30  45  43  61  6  66  44  2  32  74  9  70  38  98  12  6  23  72  75  1  76  36  62  92  72  76  15  100  72  44  0  18  82  40  99  97  6  70  26  99  28  24  34  68  53  23  93  54  65  71  22  31  9  61  42  43  
38  83  41  21  55  42  8  27  31  6  19  12  100  5  95  28  56  42  88  60  80  65  8  24  80  86  59  1  58  10  65  72  40  41  34  51  32  64  53  11  97  93  85  42  13  8  41  16  33  56  39  19  9  5  24  54  14  14  22  7  32  14  76  91  10  53  80  82  53  61  52  34  41  17  18  0  1  21  77  56  14  77  99  19  92  43  15  18  29  27  74  67  94  64  81  89  97  8  13  12  
94  54  19  49  54  38  6  67  77  12  19  41  13  27  34  25  7  36  35  33  5  62  84  32  52  13  4  87  34  85  69  55  66  16  21  87  16  15  65  22  94  47  34  80  65  76  54  77  6  98  81  39  9  90  40  12  4  44  9  93  93  31  84  93  32  97  89  11  72  55  68  92  8  81  82  1  0  56  7  42  70  75  79  23  44  3  74  24  75  35  21  57  27  28  33  36  49  21  43  67  
43  86  30  74  62  5  65  49  46  97  2  65  77  25  26  44  73  95  74  58  39  23  47  55  64  25  76  4  51  68  19  59  31  100  55  11  21  5  80  60  88  7  10  55  73  10  1  79  36  25  88  50  17  24  16  67  54  30  35  86  22  11  45  83  53  3  60  71  61  65  22  92  84  74  40  21  56  0  28  1  11  13  5  50  91  68  15  50  52  54  19  92  49  68  52  81  45  57  99  72  
64  41  47  6  58  63  56  79  92  93  91  84  42  5  22  30  22  34  30  88  80  81  52  80  63  92  93  9  82  6  4  91  85  62  76  46  3  29  68  6  27  91  77  85  74  45  100  56  6  19  18  32  38  5  96  72  86  95  92  19  47  1  64  24  43  42  27  86  9  82  17  53  10  40  99  77  7  28  0  12  26  8  20  1  2  90  47  37  43  92  17  88  54  57  9  3  32  20  90  60  
90  68  71  12  66  58  35  86  92  44  87  46  61  83  55  89  43  45  27  76  67  53  46  20  67  39  41  26  32  36  5  57  47  27  27  38  75  21  73  54  8  56  87  68  74  98  28  74  9  2  75  63  72  22  30  13  36  38  93  59  1  16  37  27  56  38  10  75  95  33  9  28  40  40  97  56  42  1  12  0  83  53  16  72  59  73  15  13  74  100  15  13  19  76  89  14  82  69  37  52  
67  84  74  58  98  78  82  49  41  46  72  20  14  16  94  83  26  31  9  9  9  25  38  35  15  41  16  43  6  49  99  73  53  90  27  44  10  68  96  19  4  49  59  59  35  85  99  47  13  80  17  29  80  53  27  41  52  44  83  60  27  16  52  77  44  74  30  10  86  13  12  14  92  10  6  14  70  11  26  83  0  45  9  8  69  35  11  15  35  88  50  46  13  15  22  37  98  91  30  29  
68  55  57  11  23  31  80  21  71  53  70  34  18  3  100  46  82  47  23  5  7  76  68  73  36  15  89  40  79  33  9  94  64  7  21  2  1  26  45  58  26  74  26  38  70  89  45  38  17  32  65  18  25  72  42  59  65  99  7  96  41  61  88  15  68  90  36  92  9  33  92  9  10  46  70  77  75  13  8  53  45  0  1  9  36  32  95  39  32  98  88  98  10  17  82  64  23  80  25  13  
79  50  10  44  72  84  78  48  20  55  15  24  10  22  43  6  84  6  68  60  33  10  63  30  73  81  73  2  42  14  15  57  6  61  71  84  90  16  28  56  44  46  26  29  22  17  9  34  59  7  67  70  2  31  47  34  35  97  76  37  59  83  60  8  91  75  7  46  10  95  24  12  6  71  26  99  79  5  20  16  9  1  0  67  83  9  25  90  44  99  4  85  40  48  63  42  11  97  89  76  
27  94  53  9  52  50  1  33  15  82  82  43  16  73  8  85  9  86  73  37  57  45  70  20  54  26  70  30  37  23  29  14  16  58  22  32  10  49  13  9  93  5  92  89  9  75  4  74  37  30  57  44  5  91  66  70  25  59  45  67  20  77  48  93  72  73  71  32  86  46  99  16  88  74  99  19  23  50  1  72  8  9  67  0  1  26  64  57  77  34  15  1  56  92  97  85  3  16  64  53  
33  25  90  46  38  92  29  55  68  18  36  27  14  91  98  19  67  24  1  64  54  39  20  73  70  72  43  87  58  70  33  72  28  18  70  15  82  89  56  90  37  77  19  73  68  10  38  62  56  64  49  37  20  29  50  92  51  12  39  6  31  7  39  35  5  62  85  16  95  62  71  69  21  20  28  92  44  91  2  59  69  36  83  1  0  48  50  82  69  12  70  33  77  45  46  6  73  98  84  30  
54  90  94  7  61  69  56  59  100  33  56  82  27  68  86  73  6  17  2  3  40  98  18  74  23  98  34  86  2  7  67  26  57  16  23  28  55  79  15  70  100  80  95  62  39  80  26  56  16  91  32  86  64  23  56  31  26  62  3  91  31  42  45  43  81  84  59  23  64  79  94  19  60  10  24  43  3  68  90  73  35  32  9  26  48  0  54  56  29  93  53  62  31  11  81  92  82  56  9  21  
45  86  5  74  66  1  26  3  94  71  44  45  37  38  84  77  8  4  53  29  70  29  99  48  49  6  60  12  20  75  53  6  16  87  94  17  35  51  10  70  13  23  64  3  99  63  57  86  81  27  46  47  36  55  18  16  15  60  76  21  28  12  29  16  8  58  97  9  68  17  60  92  27  50  34  15  74  15  47  15  11  95  25  64  50  54  0  38  63  100  16  32  25  24  32  51  36  50  45  15  
7  34  3  5  94  70  5  24  96  1  90  93  23  79  93  55  85  6  71  20  83  35  11  55  50  98  16  84  10  54  3  93  61  70  72  10  31  19  62  24  48  97  93  90  19  90  46  72  24  5  97  73  57  12  100  51  5  91  6  62  65  21  2  74  56  14  98  20  78  7  64  76  6  59  68  18  24  50  37  13  15  39  90  57  82  56  38  0  34  30  35  45  30  39  15  44  67  76  20  63  
52  18  84  53  41  30  1  5  36  68  44  21  18  78  35  66  86  60  70  89  99  1  57  29  78  88  90  31  3  16  96  77  30  86  22  9  29  51  72  1  1  90  24  55  84  67  68  17  80  96  51  81  3  92  4  47  70  21  32  3  21  92  29  51  33  10  99  38  84  74  56  78  64  51  53  29  75  52  43  74  35  32  44  77  69  29  63  34  0  78  14  66  13  53  58  79  81  7  90  55  
48  90  44  58  51  91  6  39  39  89  28  9  19  72  4  45  84  100  27  75  46  38  28  39  71  99  41  4  85  12  23  82  64  40  7  16  75  38  41  100  31  27  31  40  63  61  41  47  37  5  58  59  5  40  71  44  3  24  62  28  84  29  18  6  76  66  83  58  99  91  70  70  90  21  23  27  35  54  92  100  88  98  99  34  12  93  100  30  78  0  63  80  36  78  9  35  44  78  62  84  
90  57  17  89  49  93  23  10  46  94  89  72  30  32  29  35  47  67  63  53  64  58  60  79  68  15  63  32  19  73  43  87  83  96  100  98  45  14  1  8  17  71  73  27  74  32  37  97  17  53  87  27  44  8  99  64  26  83  50  52  17  44  62  38  28  29  75  54  11  49  37  88  74  16  93  74  21  19  17  15  50  88  4  15  70  53  16  35  14  63  0  77  62  77  100  24  85  59  80  13  
71  11  82  53  18  8  2  34  40  58  62  39  47  96  44  22  76  86  100  38  99  27  72  10  34  25  75  88  78  84  50  12  29  39  84  73  74  24  11  42  26  61  29  21  75  78  23  70  28  61  45  72  57  88  6  62  90  24  87  20  77  35  22  82  11  60  63  97  48  13  89  18  62  3  54  67  57  92  88  13  46  98  85  1  33  62  32  45  66  80  77  0  77  96  92  81  40  22  11  27  
59  32  62  4  45  20  32  23  53  52  25  19  84  32  5  37  60  52  89  80  4  15  71  32  39  80  16  48  2  63  10  42  80  45  96  11  65  55  55  82  40  94  56  93  9  43  25  70  37  46  33  47  40  45  30  34  13  84  8  15  37  50  21  24  19  39  51  64  60  6  16  5  28  42  65  94  27  49  54  19  13  10  40  56  77  31  25  30  13  36  62  77  0  68  7  80  97  79  18  24  
91  27  51  23  26  31  7  35  49  36  32  53  59  54  16  54  45  46  63  84  53  44  35  94  100  46  7  10  70  4  47  70  54  4  5  49  54  30  30  36  83  17  33  2  38  92  49  25  74  98  91  86  85  62  56  87  65  25  89  54  10  53  1  61  16  23  79  99  80  75  69  15  40  72  71  64  28  68  57  76  15  17  48  92  45  11  24  39  53  78  77  96  68  0  10  12  97  21  36  52  
91  98  6  21  27  41  11  22  13  13  94  99  5  96  44  79  14  26  49  55  58  25  33  40  35  8  86  24  5  77  83  58  66  79  50  90  37  62  9  58  80  96  58  84  43  47  94  73  100  9  38  71  50  87  61  82  64  76  51  9  66  75  51  35  11  37  35  20  37  50  95  24  59  82  22  81  33  52  9  89  22  82  63  97  46  81  32  15  58  9  100  92  7  10  0  25  88  67  100  34  
100  70  17  89  27  33  20  21  16  41  62  36  71  57  13  80  94  93  2  61  71  19  35  88  39  9  59  26  15  35  45  69  56  33  90  37  47  98  95  48  59  8  92  34  68  55  84  42  88  56  91  49  34  85  32  12  89  19  68  17  14  84  93  80  7  52  88  85  79  96  51  79  63  26  31  89  36  81  3  14  37  64  42  85  6  92  51  44  79  35  24  81  80  12  25  0  92  2  12  87  
76  94  54  30  47  83  1  63  92  49  21  11  57  12  100  90  61  65  25  42  56  10  36  23  58  53  73  70  47  41  68  77  76  48  17  97  25  25  63  53  38  71  78  77  68  59  31  52  16  32  59  95  97  4  53  72  59  93  29  73  21  44  21  94  24  73  58  5  79  82  2  54  90  20  9  97  49  45  32  82  98  23  11  3  73  82  36  67  81  44  85  40  97  97  88  92  0  26  53  47  
18  11  55  54  23  62  22  85  92  75  18  31  74  62  44  18  81  91  26  38  44  74  56  29  100  73  93  6  20  96  89  61  55  80  100  61  99  40  73  87  67  71  46  30  53  55  94  65  95  44  39  63  55  50  80  82  80  3  14  77  23  58  34  92  91  87  33  30  47  94  3  94  26  80  61  8  21  57  20  69  91  80  97  16  98  56  50  76  7  78  59  22  79  21  67  2  26  0  30  45  
67  65  9  73  81  54  41  46  15  89  83  85  22  22  90  41  16  48  85  16  63  70  47  74  64  11  29  83  15  47  19  57  64  73  80  30  70  65  24  70  29  20  84  45  61  83  87  1  47  6  38  96  78  34  4  59  53  14  1  37  8  94  18  45  63  52  96  75  75  38  58  65  81  79  42  13  43  99  90  37  30  25  89  64  84  9  45  20  90  62  80  11  18  36  100  12  53  30  0  23  
46  40  18  65  87  71  17  16  53  69  88  49  40  1  48  92  3  5  38  26  67  21  81  28  24  41  7  92  95  29  67  85  56  61  59  72  67  7  45  21  24  24  68  72  55  61  42  41  35  14  96  73  15  48  3  13  86  53  97  30  92  16  77  69  38  89  36  66  86  8  2  23  55  40  43  12  67  72  60  52  29  13  76  53  30  21  15  63  55  84  13  27  24  52  34  87  47  45  23  0  

0  87  20  72  72  84  46  87  75  68  11  30  53  66  25  7  57  65  11  72  34  59  12  100  5  55  4  96  70  84  100  90  40  25  55  92  57  63  67  96  67  48  4  66  36  78  50  3  32  99  45  83  57  55  18  39  77  90  20  55  6  47  91  75  56  27  29  48  100  62  30  72  35  11  57  24  29  78  17  78  31  34  14  24  37  78  36  100  48  91  77  69  12  48  78  23  55  29  63  90  
87  0  64  50  81  25  72  26  61  3  13  93  28  17  22  86  95  85  14  95  76  40  10  59  8  76  66  16  92  85  88  96  62  51  82  57  4  97  93  36  21  85  59  93  74  28  25  43  17  10  47  35  73  66  29  22  100  51  49  45  11  89  25  41  86  66  25  93  51  69  3  51  22  67  13  89  94  66  54  36  59  77  6  1  68  56  76  80  29  79  76  16  38  34  11  37  64  2  29  73  
20  64  0  35  80  50  89  83  34  59  40  14  4  32  22  61  30  69  73  29  46  71  4  88  66  8  94  80  41  90  9  2  32  13  54  62  82  82  43  66  19  85  86  23  57  52  53  62  2  12  89  50  20  11  78  98  61  66  5  46  66  48  95  89  96  85  10  99  53  2  17  32  73  73  13  5  41  79  68  60  16  73  88  8  63  81  46  6  43  3  61  34  26  8  94  14  80  61  34  74  
72  50  35  0  50  59  62  80  82  82  20  27  7  89  19  40  41  59  40  82  13  64  41  65  93  18  77  84  30  77  78  41  58  4  31  51  46  49  38  10  56  53  27  5  100  54  1  99  45  58  5  48  9  57  35  25  73  90  88  2  59  2  59  77  18  15  74  28  5  6  19  93  24  31  65  33  59  83  85  46  51  26  29  20  67  82  18  91  89  92  28  69  23  23  61  24  53  20  96  55  
72  81  80  50  0  72  65  92  45  94  26  22  39  21  20  17  28  4  19  84  55  8  43  9  95  62  15  27  62  33  79  89  66  13  30  33  37  43  1  4  47  47  90  80  68  16  67  6  98  91  31  88  88  83  59  6  51  95  54  33  75  99  67  75  38  76  89  84  92  47  80  10  11  38  74  54  77  66  5  84  26  73  32  79  62  82  20  96  1  78  99  92  12  97  72  52  91  11  40  62  
84  25  50  59  72  0  36  12  30  81  74  48  93  10  12  38  18  71  6  97  19  53  55  51  7  22  96  53  11  37  46  65  8  47  63  4  4  21  52  45  33  14  1  87  26  36  61  2  64  66  19  91  6  94  61  51  80  5  88  10  10  99  20  52  19  41  45  86  26  67  18  100  90  11  69  62  15  83  36  22  39  91  72  95  2  41  69  100  99  64  94  82  34  5  19  73  38  71  65  59  
46  72  89  62  65  36  0  100  26  98  50  42  37  43  66  44  28  17  34  70  30  27  47  13  37  99  61  51  86  53  73  60  51  23  20  19  46  69  22  93  20  20  90  84  39  23  98  74  45  29  23  23  54  56  98  89  12  37  88  69  98  33  12  26  4  9  1  57  10  2  32  95  8  72  23  22  67  53  50  30  25  75  57  76  39  30  22  3  5  100  33  41  39  97  14  71  96  78  50  37  
87  26  83  80  92  12  100  0  55  58  61  90  43  79  19  17  54  41  2  1  69  31  37  78  65  74  68  25  91  73  20  46  2  63  56  90  2  3  50  77  60  34  55  49  69  13  93  1  15  45  75  99  65  11  59  40  62  32  23  89  46  24  42  3  83  84  66  25  12  2  2  21  58  6  55  26  50  17  80  13  21  39  29  98  77  64  12  68  82  47  61  92  60  6  28  92  6  85  89  92  
75  61  34  82  45  30  26  55  0  100  52  44  33  27  75  92  42  28  12  49  15  23  42  37  10  67  93  67  27  94  94  51  61  68  12  7  23  80  48  86  15  61  25  99  65  10  19  33  8  69  18  94  14  38  76  37  91  43  45  11  32  97  7  20  62  96  85  100  98  10  17  91  11  49  24  56  15  94  100  48  54  44  21  78  71  100  68  2  27  79  96  57  13  73  84  95  24  71  61  79  
68  3  59  82  94  81  98  58  100  0  48  83  43  33  57  67  71  28  62  63  31  9  10  46  51  48  90  54  29  76  96  28  56  60  14  91  62  59  3  55  46  39  67  31  21  63  76  33  14  85  75  3  95  32  75  80  18  61  97  95  22  77  3  43  14  65  86  61  19  43  12  17  36  45  86  10  48  100  80  56  76  63  58  18  21  49  91  28  18  26  49  74  14  91  1  71  51  5  76  67  
11  13  40  20  26  74  50  61  52  48  0  20  3  11  55  56  5  22  96  63  10  96  31  6  46  48  57  5  71  75  5  88  89  10  48  50  43  28  89  63  20  2  80  86  84  81  87  60  47  29  34  56  86  87  19  72  41  27  84  21  54  70  55  65  69  30  23  68  47  88  70  31  21  23  100  60  70  62  46  21  6  39  40  35  98  55  92  21  68  67  36  74  8  86  89  12  14  66  58  35  
30  93  14  27  22  48  42  90  44  83  20  0  92  88  74  41  13  13  5  66  41  48  59  58  8  99  2  34  81  92  86  97  63  43  62  96  72  4  78  8  94  97  37  17  68  5  20  72  22  64  65  8  37  67  97  88  7  8  87  80  29  75  40  3  47  49  64  85  94  2  56  47  32  64  2  65  33  100  68  60  20  64  100  96  85  22  78  76  79  91  71  79  59  79  62  76  47  36  30  24  
53  28  4  7  39  93  37  43  33  43  3  92  0  32  72  13  5  21  99  65  65  83  71  55  41  79  31  63  91  95  35  48  7  6  52  52  86  98  45  21  28  65  18  91  2  25  90  14  78  81  69  66  24  6  44  77  11  75  10  74  88  12  39  49  7  86  17  6  100  94  74  86  91  15  97  47  37  70  47  91  3  90  64  55  18  88  3  43  50  3  68  12  87  21  22  42  33  84  51  7  
66  17  32  89  21  10  43  79  27  33  11  88  32  0  76  61  84  1  53  85  7  51  21  39  85  88  1  47  54  31  55  31  2  3  35  48  66  73  67  80  94  21  40  93  74  80  65  54  58  4  67  99  72  10  54  85  32  12  7  48  47  64  62  100  27  91  10  75  62  32  31  17  30  28  39  63  63  17  14  1  64  37  84  40  9  84  8  31  38  25  93  65  24  38  65  59  87  57  20  52  
25  22  22  19  20  12  66  19  75  57  55  74  72  76  0  81  52  97  71  25  98  35  3  95  83  40  14  4  13  38  24  36  93  64  49  46  80  67  42  90  18  15  2  43  6  9  25  45  66  61  14  43  54  96  24  71  33  56  39  61  18  15  6  49  8  18  87  6  47  8  42  88  94  30  98  6  55  43  34  35  42  21  7  44  72  7  34  91  60  42  100  37  82  22  99  75  55  12  91  27  
7  86  61  40  17  38  44  17  92  67  56  41  13  61  81  0  28  37  19  67  65  76  82  37  32  95  16  75  28  93  57  21  26  58  62  66  45  82  86  42  68  82  11  77  84  71  20  29  100  76  22  54  76  7  50  22  24  20  6  15  96  48  17  5  41  66  50  37  10  97  24  98  11  91  61  18  31  8  11  2  37  32  26  26  99  13  65  40  5  39  88  61  78  43  78  36  32  30  75  61  
57  95  30  41  28  18  28  54  42  71  5  13  5  84  52  28  0  23  16  46  80  77  19  36  21  71  52  32  86  10  60  88  42  43  4  47  50  68  61  50  52  11  8  35  2  75  96  98  8  51  75  4  88  47  97  17  82  79  12  50  9  46  94  56  42  12  92  15  21  31  47  3  93  34  2  3  32  70  16  77  73  37  41  15  22  14  93  26  22  67  7  10  13  10  69  28  28  58  46  20  
65  85  69  59  4  71  17  41  28  28  22  13  21  1  97  37  23  0  47  85  62  65  54  42  37  46  52  58  80  31  14  42  11  41  57  7  43  14  44  41  38  48  21  11  65  96  81  6  30  15  77  83  9  5  8  26  64  26  30  74  84  19  54  46  88  50  24  22  45  5  60  99  60  83  32  87  6  59  82  80  87  49  3  99  79  56  96  21  60  31  11  77  14  29  3  68  97  89  69  56  
11  14  73  40  19  6  34  2  12  62  96  5  99  53  71  19  16  47  0  74  44  71  12  92  21  97  12  89  66  1  3  41  85  37  46  30  59  79  19  76  67  70  90  84  34  15  24  66  18  1  78  81  5  73  65  28  84  24  30  73  56  66  27  46  79  8  29  98  67  43  6  63  8  22  48  90  58  67  96  41  95  48  26  49  1  78  3  45  16  27  2  11  90  9  51  28  14  25  2  95  
72  95  29  82  84  97  70  1  49  63  63  66  65  85  25  67  46  85  74  0  79  89  92  28  87  39  46  65  88  66  74  29  3  72  11  72  85  75  8  12  50  76  3  22  31  65  18  20  34  13  4  5  52  27  94  12  77  70  70  60  43  32  39  11  88  65  63  19  53  86  9  97  56  53  59  30  38  65  12  62  11  94  36  5  98  64  90  10  46  74  14  82  41  5  67  44  31  85  6  11  
34  76  46  13  55  19  30  69  15  31  10  41  65  7  98  65  80  62  44  79  0  78  85  32  92  48  9  37  87  53  96  44  84  100  25  71  87  68  60  42  19  45  44  75  19  65  56  96  46  1  78  55  82  7  95  31  61  47  85  45  42  84  37  43  17  65  87  56  33  82  33  49  78  42  75  21  52  42  74  84  40  41  57  86  81  43  79  46  14  85  25  3  59  35  20  82  64  88  62  73  
59  40  71  64  8  53  27  31  23  9  96  48  83  51  35  76  77  65  71  89  78  0  30  78  75  97  53  72  100  51  48  72  60  32  25  42  5  95  77  29  17  18  63  86  56  82  80  41  87  34  63  56  23  53  59  58  28  7  16  47  48  70  17  42  31  95  91  58  71  54  3  18  18  73  32  90  1  97  62  29  51  95  25  78  88  35  25  7  99  39  99  25  44  79  54  51  17  47  18  94  
12  10  4  41  43  55  47  37  42  10  31  59  71  21  3  82  19  54  12  92  85  30  0  18  47  72  29  93  58  15  12  72  29  38  48  60  1  23  2  70  53  95  20  30  30  98  35  17  13  49  18  10  100  85  94  74  55  34  50  55  65  25  16  14  96  73  85  83  28  96  33  45  13  88  45  4  3  61  41  3  1  85  40  76  45  53  12  35  26  86  82  40  11  89  47  87  61  48  6  97  
100  59  88  65  9  51  13  78  37  46  6  58  55  39  95  37  36  42  92  28  32  78  18  0  96  52  69  29  1  22  77  16  19  2  30  47  80  54  90  61  70  47  2  49  64  61  31  70  7  8  60  43  9  47  37  64  57  39  27  7  78  25  74  60  85  67  78  35  75  83  50  31  74  90  67  2  40  58  98  73  88  49  8  2  61  85  71  92  18  11  33  79  29  26  38  41  55  31  83  13  
5  8  66  93  95  7  37  65  10  51  46  8  41  85  83  32  21  37  21  87  92  75  47  96  0  16  27  18  56  65  52  56  35  62  22  22  86  76  12  22  87  98  1  38  69  29  92  75  86  26  41  3  67  60  37  63  3  8  11  97  94  99  74  58  79  1  70  74  26  99  53  77  82  92  81  83  65  96  39  50  40  30  70  99  37  17  34  41  74  21  20  7  82  8  100  82  96  65  14  17  
55  76  8  18  62  22  99  74  67  48  48  99  79  88  40  95  71  46  97  39  48  97  72  52  16  0  71  5  36  73  64  2  47  32  48  17  10  91  32  7  52  36  21  1  20  17  18  32  49  51  96  44  72  27  50  30  10  78  71  74  19  72  17  50  78  97  4  26  60  93  97  47  9  13  3  81  99  66  13  58  60  20  85  34  100  49  86  14  38  97  3  41  32  31  34  38  47  5  46  20  
4  66  94  77  15  96  61  68  93  90  57  2  31  1  14  16  52  52  12  46  9  53  29  69  27  71  0  52  56  39  90  50  82  64  50  64  5  35  85  12  23  87  46  4  45  30  36  88  37  8  99  73  15  36  29  24  62  71  1  83  64  59  74  93  44  83  30  60  12  90  90  6  5  38  99  5  93  35  28  26  36  2  26  91  75  99  57  55  31  58  72  52  100  91  12  94  7  77  53  35  
96  16  80  84  27  53  51  25  67  54  5  34  63  47  4  75  32  58  89  65  37  72  93  29  18  5  52  0  9  18  55  58  7  76  66  16  11  41  56  68  1  85  76  16  60  68  88  94  51  97  34  60  2  78  4  27  31  90  16  48  91  96  4  76  75  89  48  9  70  93  62  65  98  49  31  88  52  9  23  78  24  85  44  15  46  29  54  29  44  6  30  78  8  35  91  57  42  93  37  89  
70  92  41  30  62  11  86  91  27  29  71  81  91  54  13  28  86  80  66  88  87  100  58  1  56  36  56  9  0  89  31  81  8  64  32  34  31  47  67  47  83  10  18  19  72  34  32  89  55  41  13  74  57  6  64  14  95  23  55  2  97  94  53  66  80  59  34  60  38  48  89  81  46  34  3  64  33  91  74  5  95  72  59  86  3  87  21  14  82  38  87  92  74  9  30  79  32  99  83  32  
84  85  90  77  33  37  53  73  94  76  75  92  95  31  38  93  10  31  1  66  53  51  15  22  65  73  39  18  89  0  22  95  1  65  66  94  16  81  88  76  93  35  10  100  13  55  37  15  42  17  6  75  45  77  29  39  28  46  10  23  30  72  69  87  94  88  60  93  31  46  61  43  52  21  35  53  94  43  25  91  63  30  99  51  30  3  70  7  8  72  23  70  26  81  49  25  88  32  95  14  
100  88  9  78  79  46  73  20  94  96  5  86  35  55  24  57  60  14  3  74  96  48  12  77  52  64  90  55  31  22  0  1  18  33  8  57  39  55  25  2  19  80  10  39  82  30  65  57  83  9  81  43  98  60  77  58  31  76  88  98  1  39  38  24  97  9  45  8  91  75  35  82  62  8  100  40  48  98  23  68  67  41  37  37  56  45  5  71  88  83  18  99  86  27  81  81  56  50  10  81  
90  96  2  41  89  65  60  46  51  28  88  97  48  31  36  21  88  42  41  29  44  72  72  16  56  2  50  58  81  95  1  0  100  52  63  52  39  57  9  79  36  69  91  17  46  58  42  51  78  100  68  41  61  8  95  35  90  51  12  67  85  29  42  87  91  72  90  91  32  21  79  36  43  20  58  31  11  3  82  83  40  58  43  6  24  27  11  5  12  47  22  89  19  27  34  57  3  70  88  24  
40  62  32  58  66  8  51  2  61  56  89  63  7  2  93  26  42  11  85  3  84  60  29  19  35  47  82  7  8  1  18  100  0  97  50  13  71  73  35  30  64  11  40  1  37  94  35  42  12  18  13  10  29  62  30  4  98  50  44  35  54  15  92  1  75  69  23  30  63  92  15  64  91  32  34  32  21  60  16  49  95  95  46  45  2  52  41  21  45  10  88  58  46  55  7  61  27  15  65  100  
25  51  13  4  13  47  23  63  68  60  10  43  6  3  64  58  43  41  37  72  100  32  38  2  62  32  64  76  64  65  33  52  97  0  32  57  53  73  94  93  90  76  15  83  47  100  20  73  64  54  67  98  66  98  3  12  49  41  67  9  3  99  73  43  71  59  38  4  69  72  46  82  3  10  28  12  62  80  68  18  87  71  51  29  93  57  9  68  61  16  38  3  79  27  77  28  28  89  35  49  
55  82  54  31  30  63  20  56  12  14  48  62  52  35  49  62  4  57  46  11  25  25  48  30  22  48  50  66  32  66  8  63  50  32  0  80  23  35  30  59  67  63  63  71  57  28  43  61  36  82  4  71  100  86  65  15  91  57  71  82  18  55  85  67  91  81  75  78  23  40  47  65  46  86  36  22  37  17  29  38  53  29  92  80  88  44  38  64  42  50  85  57  100  23  13  92  7  28  58  7  
92  57  62  51  33  4  19  90  7  91  50  96  52  48  46  66  47  7  30  72  71  42  60  47  22  17  64  16  34  94  57  52  13  57  80  0  15  69  60  51  86  8  60  28  3  43  21  37  33  84  44  79  11  60  15  95  13  77  34  38  91  89  50  45  36  70  9  66  48  20  74  69  76  7  42  67  31  90  63  94  53  97  87  84  8  59  31  77  55  95  47  60  89  89  27  9  65  5  70  21  
57  4  82  46  37  4  46  2  23  62  43  72  86  66  80  45  50  43  59  85  87  5  1  80  86  10  5  11  31  16  39  39  71  53  23  15  0  42  2  90  89  88  61  13  91  63  2  69  65  75  9  100  42  74  70  45  87  77  26  41  31  29  93  78  91  44  61  62  51  66  92  32  49  99  93  46  70  23  84  29  26  45  21  58  40  36  1  12  39  95  66  23  100  54  97  52  33  51  88  21  
63  97  82  49  43  21  69  3  80  59  28  4  98  73  67  82  68  14  79  75  68  95  23  54  76  91  35  41  47  81  55  57  73  73  35  69  42  0  54  70  94  90  52  46  37  93  15  90  90  26  40  58  28  53  53  56  70  84  30  33  11  40  69  19  6  85  44  49  82  74  58  87  92  77  76  77  99  18  48  54  46  15  45  61  40  59  41  94  57  43  83  88  55  12  29  43  84  66  40  40  
67  93  43  38  1  52  22  50  48  3  89  78  45  67  42  86  61  44  19  8  60  77  2  90  12  32  85  56  67  88  25  9  35  94  30  60  2  54  0  29  61  26  68  49  64  47  42  88  28  36  28  8  100  25  91  40  74  94  95  55  8  15  52  58  2  47  64  32  6  52  54  48  27  32  73  59  55  29  40  36  49  81  37  64  6  31  4  26  62  70  32  11  44  1  58  90  95  20  100  37  
96  36  66  10  4  45  93  77  86  55  63  8  21  80  90  42  50  41  76  12  42  29  70  61  22  7  12  68  47  76  2  79  30  93  59  51  90  70  29  0  42  85  59  41  6  77  98  9  5  82  41  78  51  82  51  52  59  23  46  97  52  2  31  44  44  27  63  12  88  94  70  80  21  75  65  70  93  40  57  17  64  11  82  52  95  72  100  91  62  72  73  46  19  17  24  71  24  63  76  73  
67  21  19  56  47  33  20  60  15  46  20  94  28  94  18  68  52  38  67  50  19  17  53  70  87  52  23  1  83  93  19  36  64  90  67  86  89  94  61  42  0  27  50  70  74  42  30  51  56  81  17  11  92  19  74  19  36  78  26  80  62  36  21  62  100  23  88  42  83  3  4  82  94  63  39  36  15  43  82  64  85  17  98  15  91  64  49  23  2  56  58  63  71  82  21  27  79  21  74  44  
48  85  85  53  47  14  20  34  61  39  2  97  65  21  15  82  11  48  70  76  45  18  95  47  98  36  87  85  10  35  80  69  11  76  63  8  88  90  26  85  27  0  75  89  90  3  53  31  38  9  73  100  15  65  6  54  66  84  16  26  11  10  40  4  92  69  82  58  86  60  36  85  41  67  17  65  61  20  57  13  61  94  64  47  76  79  42  55  71  81  15  78  85  93  18  66  66  91  29  99  
4  59  86  27  90  1  90  55  25  67  80  37  18  40  2  11  8  21  90  3  44  63  20  2  1  21  46  76  18  10  10  91  40  15  63  60  61  52  68  59  50  75  0  35  37  61  86  30  100  70  96  51  64  86  40  27  69  68  34  39  32  75  56  62  54  6  56  76  87  88  84  97  77  45  88  46  42  33  16  4  20  11  21  33  8  57  72  98  96  55  14  94  67  18  7  35  39  48  81  39  
66  93  23  5  80  87  84  49  99  31  86  17  91  93  43  77  35  11  84  22  75  86  30  49  38  1  4  16  19  100  39  17  1  83  71  28  13  46  49  41  70  89  35  0  24  38  53  63  43  24  4  49  58  78  56  32  16  100  96  33  99  51  59  18  84  60  50  31  94  83  22  96  78  68  59  66  17  81  97  76  18  52  72  67  56  54  85  4  6  84  7  53  47  43  17  91  72  91  90  4  
36  74  57  100  68  26  39  69  65  21  84  68  2  74  6  84  2  65  34  31  19  56  30  64  69  20  45  60  72  13  82  46  37  47  57  3  91  37  64  6  74  90  37  24  0  17  34  73  19  43  89  53  77  92  34  14  94  62  24  100  57  76  58  82  68  84  2  45  83  12  10  60  92  89  97  36  95  59  89  45  43  13  77  47  14  8  68  27  14  90  20  60  3  81  72  41  80  33  52  74  
78  28  52  54  16  36  23  13  10  63  81  5  25  80  9  71  75  96  15  65  65  82  98  61  29  17  30  68  34  55  30  58  94  100  28  43  63  93  47  77  42  3  61  38  17  0  71  86  86  54  89  29  10  92  30  82  19  1  86  84  62  37  2  22  36  28  38  31  98  38  80  59  6  78  95  40  55  58  26  76  45  3  80  14  19  44  78  67  97  69  45  30  2  5  75  59  30  35  43  5  
50  25  53  1  67  61  98  93  19  76  87  20  90  65  25  20  96  81  24  18  56  80  35  31  92  18  36  88  32  37  65  42  35  20  43  21  2  15  42  98  30  53  86  53  34  71  0  93  77  52  92  8  4  69  21  33  5  30  10  10  33  10  12  96  35  29  26  27  42  27  71  30  15  14  60  34  66  78  18  89  62  58  93  63  92  32  65  46  49  78  38  93  51  73  65  63  7  11  24  27  
3  43  62  99  6  2  74  1  33  33  60  72  14  54  45  29  98  6  66  20  96  41  17  70  75  32  88  94  89  15  57  51  42  73  61  37  69  90  88  9  51  31  30  63  73  86  93  0  75  58  15  4  50  53  35  89  33  37  59  13  100  45  67  61  38  42  46  31  25  84  78  69  88  78  24  65  59  26  80  47  83  95  12  45  11  61  67  43  10  81  85  21  35  14  77  71  68  82  33  34  
32  17  2  45  98  64  45  15  8  14  47  22  78  58  66  100  8  30  18  34  46  87  13  7  86  49  37  51  55  42  83  78  12  64  36  33  65  90  28  5  56  38  100  43  19  86  77  75  0  12  48  90  14  94  40  67  26  88  59  25  84  84  16  39  58  50  37  41  19  28  60  88  53  30  19  93  92  98  63  50  48  30  88  64  37  31  62  49  7  25  37  90  47  45  73  59  43  54  40  91  
99  10  12  58  91  66  29  45  69  85  29  64  81  4  61  76  51  15  1  13  1  34  49  8  26  51  8  97  41  17  9  100  18  54  82  84  75  26  36  82  81  9  70  24  43  54  52  58  12  0  7  24  15  18  44  71  72  34  71  99  70  24  3  84  60  4  31  52  32  17  20  19  69  40  10  31  94  94  36  90  46  14  66  69  12  74  98  71  9  95  35  22  22  83  78  63  28  58  67  92  
45  47  89  5  31  19  23  75  18  75  34  65  69  67  14  22  75  77  78  4  78  63  18  60  41  96  99  34  13  6  81  68  13  67  4  44  9  40  28  41  17  73  96  4  89  89  92  15  48  7  0  7  43  44  10  92  11  61  43  20  93  61  3  91  90  88  58  29  52  94  81  10  55  49  32  72  83  94  31  7  88  41  93  22  11  91  9  12  42  89  40  46  23  1  71  65  35  23  99  73  
83  35  50  48  88  91  23  99  94  3  56  8  66  99  43  54  4  83  81  5  55  56  10  43  3  44  73  60  74  75  43  41  10  98  71  79  100  58  8  78  11  100  51  49  53  29  8  4  90  24  7  0  10  37  9  76  55  45  73  82  10  96  6  48  13  78  59  29  78  78  83  48  79  38  43  59  23  92  44  20  37  93  12  2  9  33  88  77  96  16  69  68  10  18  12  43  91  78  86  73  
57  73  20  9  88  6  54  65  14  95  86  37  24  72  54  76  88  9  5  52  82  23  100  9  67  72  15  2  57  45  98  61  29  66  100  11  42  28  100  51  92  15  64  58  77  10  4  50  14  15  43  10  0  53  92  46  13  7  21  52  61  19  40  33  86  39  88  21  40  43  1  70  89  44  96  26  44  9  17  67  69  11  69  78  75  85  30  77  30  77  4  54  54  69  26  24  83  30  94  56  
55  66  11  57  83  94  56  11  38  32  87  67  6  10  96  7  47  5  73  27  7  53  85  47  60  27  36  78  6  77  60  8  62  98  86  60  74  53  25  82  19  65  86  78  92  92  69  53  94  18  44  37  53  0  69  89  59  93  14  98  71  60  98  59  59  82  94  45  80  68  42  29  89  30  28  57  1  14  20  74  65  43  29  32  83  4  31  82  71  100  23  84  82  89  68  35  14  86  98  87  
18  29  78  35  59  61  98  59  76  75  19  97  44  54  24  50  97  8  65  94  95  59  94  37  37  50  29  4  64  29  77  95  30  3  65  15  70  53  91  51  74  6  40  56  34  30  21  35  40  44  10  9  92  69  0  58  53  46  90  55  13  19  38  36  16  22  31  84  63  71  28  26  39  67  45  21  54  44  46  1  93  75  84  65  81  98  72  15  49  77  96  54  75  97  86  60  12  89  37  83  
39  22  98  25  6  51  89  40  37  80  72  88  77  85  71  22  17  26  28  12  31  58  74  64  63  30  24  27  14  39  58  35  4  12  15  95  45  56  40  52  19  54  27  32  14  82  33  89  67  71  92  76  46  89  58  0  37  48  98  67  34  7  15  25  41  95  21  76  37  29  93  66  94  22  71  47  15  75  26  10  89  70  3  44  63  89  68  26  81  39  14  68  43  10  80  61  74  53  52  30  
77  100  61  73  51  80  12  62  91  18  41  7  11  32  33  24  82  64  84  77  61  28  55  57  3  10  62  31  95  28  31  90  98  49  91  13  87  70  74  59  36  66  69  16  94  19  5  33  26  72  11  55  13  59  53  37  0  17  32  15  3  28  3  89  2  68  33  100  72  95  46  64  45  13  93  75  87  99  38  78  77  76  21  73  54  95  8  43  58  54  82  2  30  36  7  86  38  25  34  55  
90  51  66  90  95  5  37  32  43  61  27  8  75  12  56  20  79  26  24  70  47  7  34  39  8  78  71  90  23  46  76  51  50  41  57  77  77  84  94  23  78  84  68  100  62  1  30  37  88  34  61  45  7  93  46  48  17  0  76  56  55  75  46  9  1  51  75  32  32  84  59  67  20  8  22  12  94  82  94  9  32  22  83  57  57  84  87  98  26  66  3  48  2  48  59  99  27  75  43  43  
20  49  5  88  54  88  88  23  45  97  84  87  10  7  39  6  12  30  30  70  85  16  50  27  11  71  1  16  55  10  88  12  44  67  71  34  26  30  95  46  26  16  34  96  24  86  10  59  59  71  43  73  21  14  90  98  32  76  0  4  48  74  9  45  85  1  66  69  5  36  78  44  39  33  27  52  43  21  48  35  86  43  34  99  63  19  74  97  32  69  83  90  14  99  32  58  29  45  29  37  
55  45  46  2  33  10  69  89  11  95  21  80  74  48  61  15  50  74  73  60  45  47  55  7  97  74  83  48  2  23  98  67  35  9  82  38  41  33  55  97  80  26  39  33  100  84  10  13  25  99  20  82  52  98  55  67  15  56  4  0  28  89  17  96  3  17  86  90  64  53  99  2  8  96  28  52  77  60  59  54  71  46  100  57  28  6  34  59  83  13  94  96  60  89  52  2  71  91  97  41  
6  11  66  59  75  10  98  46  32  22  54  29  88  47  18  96  9  84  56  43  42  48  65  78  94  19  64  91  97  30  1  85  54  3  18  91  31  11  8  52  62  11  32  99  57  62  33  100  84  70  93  10  61  71  13  34  3  55  48  28  0  60  73  78  20  39  20  65  80  34  1  64  94  87  58  46  65  92  25  96  89  38  71  6  50  37  82  68  59  32  76  63  16  54  11  61  26  32  92  45  
47  89  48  2  99  99  33  24  97  77  70  75  12  64  15  48  46  19  66  32  84  70  25  25  99  72  59  96  94  72  39  29  15  99  55  89  29  40  15  2  36  10  75  51  76  37  10  45  84  24  61  96  19  60  19  7  28  75  74  89  60  0  54  82  72  32  65  70  79  89  18  21  14  62  10  79  57  76  18  60  37  83  80  20  39  67  75  85  94  70  46  85  24  66  53  9  29  41  2  88  
91  25  95  59  67  20  12  42  7  3  55  40  39  62  6  17  94  54  27  39  37  17  16  74  74  17  74  4  53  69  38  42  92  73  85  50  93  69  52  31  21  40  56  59  58  2  12  67  16  3  3  6  40  98  38  15  3  46  9  17  73  54  0  66  82  82  72  17  65  58  40  33  78  99  40  34  16  65  73  61  88  31  45  14  49  88  55  13  9  73  73  55  46  54  52  88  65  77  3  72  
75  41  89  77  75  52  26  3  20  43  65  3  49  100  49  5  56  46  46  11  43  42  14  60  58  50  93  76  66  87  24  87  1  43  67  45  78  19  58  44  62  4  62  18  82  22  96  61  39  84  91  48  33  59  36  25  89  9  45  96  78  82  66  0  19  84  61  70  45  32  29  36  13  15  81  94  16  20  64  1  60  59  39  64  85  2  44  38  7  43  39  58  2  81  97  22  6  91  13  81  
56  86  96  18  38  19  4  83  62  14  69  47  7  27  8  41  42  88  79  88  17  31  96  85  79  78  44  75  80  94  97  91  75  71  91  36  91  6  2  44  100  92  54  84  68  36  35  38  58  60  90  13  86  59  16  41  2  1  85  3  20  72  82  19  0  8  93  82  52  83  3  76  18  8  4  67  25  20  39  38  3  75  37  83  99  22  48  92  87  92  32  3  70  70  82  26  28  92  31  70  
27  66  85  15  76  41  9  84  96  65  30  49  86  91  18  66  12  50  8  65  65  95  73  67  1  97  83  89  59  88  9  72  69  59  81  70  44  85  47  27  23  69  6  60  84  28  29  42  50  4  88  78  39  82  22  95  68  51  1  17  39  32  82  84  8  0  39  41  58  26  92  33  83  22  27  98  28  34  74  84  54  66  80  97  3  66  96  95  41  67  61  24  87  60  38  32  2  75  66  28  
29  25  10  74  89  45  1  66  85  86  23  64  17  10  87  50  92  24  29  63  87  91  85  78  70  4  30  48  34  60  45  90  23  38  75  9  61  44  64  63  88  82  56  50  2  38  26  46  37  31  58  59  88  94  31  21  33  75  66  86  20  65  72  61  93  39  0  93  58  43  61  65  43  31  70  88  62  78  21  77  58  23  43  8  2  74  80  7  48  43  49  77  29  6  83  90  95  46  69  55  
48  93  99  28  84  86  57  25  100  61  68  85  6  75  6  37  15  22  98  19  56  58  83  35  74  26  60  9  60  93  8  91  30  4  78  66  62  49  32  12  42  58  76  31  45  31  27  31  41  52  29  29  21  45  84  76  100  32  69  90  65  70  17  70  82  41  93  0  92  96  34  18  89  41  4  58  1  15  69  74  3  85  57  11  95  91  81  51  4  8  66  29  78  11  84  26  14  15  60  77  
100  51  53  5  92  26  10  12  98  19  47  94  100  62  47  10  21  45  67  53  33  71  28  75  26  60  12  70  38  31  91  32  63  69  23  48  51  82  6  88  83  86  87  94  83  98  42  25  19  32  52  78  40  80  63  37  72  32  5  64  80  79  65  45  52  58  58  92  0  19  40  79  31  43  19  5  17  71  14  75  78  77  61  68  100  55  16  32  84  57  86  74  86  51  71  87  73  15  48  12  
62  69  2  6  47  67  2  2  10  43  88  2  94  32  8  97  31  5  43  86  82  54  96  83  99  93  90  93  48  46  75  21  92  72  40  20  66  74  52  94  3  60  88  83  12  38  27  84  28  17  94  78  43  68  71  29  95  84  36  53  34  89  58  32  83  26  43  96  19  0  28  5  64  85  10  90  43  66  24  60  77  55  5  31  54  68  97  12  22  4  69  86  23  20  4  1  72  83  50  49  
30  3  17  19  80  18  32  2  17  12  70  56  74  31  42  24  47  60  6  9  33  3  33  50  53  97  90  62  89  61  35  79  15  46  47  74  92  58  54  70  4  36  84  22  10  80  71  78  60  20  81  83  1  42  28  93  46  59  78  99  1  18  40  29  3  92  61  34  40  28  0  1  76  70  34  36  71  92  59  7  78  38  28  63  32  10  52  55  8  97  100  45  82  24  86  16  35  20  1  36  
72  51  32  93  10  100  95  21  91  17  31  47  86  17  88  98  3  99  63  97  49  18  45  31  77  47  6  65  81  43  82  36  64  82  65  69  32  87  48  80  82  85  97  96  60  59  30  69  88  19  10  48  70  29  26  66  64  67  44  2  64  21  33  36  76  33  65  18  79  5  1  0  51  43  77  94  38  3  76  55  58  13  80  2  21  87  88  53  96  96  76  74  73  50  12  7  64  85  39  34  
35  22  73  24  11  90  8  58  11  36  21  32  91  30  94  11  93  60  8  56  78  18  13  74  82  9  5  98  46  52  62  43  91  3  46  76  49  92  27  21  94  41  77  78  92  6  15  88  53  69  55  79  89  89  39  94  45  20  39  8  94  14  78  13  18  83  43  89  31  64  76  51  0  62  19  72  52  98  39  83  98  57  61  48  25  75  87  63  81  24  19  58  94  14  45  92  58  81  98  85  
11  67  73  31  38  11  72  6  49  45  23  64  15  28  30  91  34  83  22  53  42  73  88  90  92  13  38  49  34  21  8  20  32  10  86  7  99  77  32  75  63  67  45  68  89  78  14  78  30  40  49  38  44  30  67  22  13  8  33  96  87  62  99  15  8  22  31  41  43  85  70  43  62  0  44  67  7  37  92  23  34  55  88  35  81  1  81  11  47  2  35  47  35  36  26  38  61  21  58  89  
57  13  13  65  74  69  23  55  24  86  100  2  97  39  98  61  2  32  48  59  75  32  45  67  81  3  99  31  3  35  100  58  34  28  36  42  93  76  73  65  39  17  88  59  97  95  60  24  19  10  32  43  96  28  45  71  93  22  27  28  58  10  40  81  4  27  70  4  19  10  34  77  19  44  0  30  88  56  56  85  32  7  62  38  8  3  44  87  76  58  42  16  40  89  44  11  8  25  32  64  
24  89  5  33  54  62  22  26  56  10  60  65  47  63  6  18  3  87  90  30  21  90  4  2  83  81  5  88  64  53  40  31  32  12  22  67  46  77  59  70  36  65  46  66  36  40  34  65  93  31  72  59  26  57  21  47  75  12  52  52  46  79  34  94  67  98  88  58  5  90  36  94  72  67  30  0  52  3  78  49  98  90  58  97  78  41  93  61  98  92  37  95  35  43  2  44  95  96  29  81  
29  94  41  59  77  15  67  50  15  48  70  33  37  63  55  31  32  6  58  38  52  1  3  40  65  99  93  52  33  94  48  11  21  62  37  31  70  99  55  93  15  61  42  17  95  55  66  59  92  94  83  23  44  1  54  15  87  94  43  77  65  57  16  16  25  28  62  1  17  43  71  38  52  7  88  52  0  54  59  48  20  90  41  12  25  35  37  41  67  29  30  74  90  6  34  62  36  91  61  35  
78  66  79  83  66  83  53  17  94  100  62  100  70  17  43  8  70  59  67  65  42  97  61  58  96  66  35  9  91  43  98  3  60  80  17  90  23  18  29  40  43  20  33  81  59  58  78  26  98  94  94  92  9  14  44  75  99  82  21  60  92  76  65  20  20  34  78  15  71  66  92  3  98  37  56  3  54  0  43  12  61  85  18  79  92  97  3  81  23  10  62  3  44  96  10  55  36  10  19  91  
17  54  68  85  5  36  50  80  100  80  46  68  47  14  34  11  16  82  96  12  74  62  41  98  39  13  28  23  74  25  23  82  16  68  29  63  84  48  40  57  82  57  16  97  89  26  18  80  63  36  31  44  17  20  46  26  38  94  48  59  25  18  73  64  39  74  21  69  14  24  59  76  39  92  56  78  59  43  0  61  97  94  40  85  33  22  48  41  89  48  27  34  40  98  29  90  68  79  19  57  
78  36  60  46  84  22  30  13  48  56  21  60  91  1  35  2  77  80  41  62  84  29  3  73  50  58  26  78  5  91  68  83  49  18  38  94  29  54  36  17  64  13  4  76  45  76  89  47  50  90  7  20  67  74  1  10  78  9  35  54  96  60  61  1  38  84  77  74  75  60  7  55  83  23  85  49  48  12  61  0  73  42  77  48  6  95  40  33  16  42  65  26  98  61  28  23  79  13  22  14  
31  59  16  51  26  39  25  21  54  76  6  20  3  64  42  37  73  87  95  11  40  51  1  88  40  60  36  24  95  63  67  40  95  87  53  53  26  46  49  64  85  61  20  18  43  45  62  83  48  46  88  37  69  65  93  89  77  32  86  71  89  37  88  60  3  54  58  3  78  77  78  58  98  34  32  98  20  61  97  73  0  56  97  75  2  61  20  36  82  2  9  56  4  96  58  29  19  44  44  17  
34  77  73  26  73  91  75  39  44  63  39  64  90  37  21  32  37  49  48  94  41  95  85  49  30  20  2  85  72  30  41  58  95  71  29  97  45  15  81  11  17  94  11  52  13  3  58  95  30  14  41  93  11  43  75  70  76  22  43  46  38  83  31  59  75  66  23  85  77  55  38  13  57  55  7  90  90  85  94  42  56  0  16  78  80  24  15  50  12  33  13  82  75  82  43  36  54  69  58  32  
14  6  88  29  32  72  57  29  21  58  40  100  64  84  7  26  41  3  26  36  57  25  40  8  70  85  26  44  59  99  37  43  46  51  92  87  21  45  37  82  98  64  21  72  77  80  93  12  88  66  93  12  69  29  84  3  21  83  34  100  71  80  45  39  37  80  43  57  61  5  28  80  61  88  62  58  41  18  40  77  97  16  0  90  22  65  78  25  48  75  90  33  93  71  58  44  88  90  58  90  
24  1  8  20  79  95  76  98  78  18  35  96  55  40  44  26  15  99  49  5  86  78  76  2  99  34  91  15  86  51  37  6  45  29  80  84  58  61  64  52  15  47  33  67  47  14  63  45  64  69  22  2  78  32  65  44  73  57  99  57  6  20  14  64  83  97  8  11  68  31  63  2  48  35  38  97  12  79  85  48  75  78  90  0  46  29  6  85  16  1  96  30  28  66  1  81  76  38  76  94  
37  68  63  67  62  2  39  77  71  21  98  85  18  9  72  99  22  79  1  98  81  88  45  61  37  100  75  46  3  30  56  24  2  93  88  8  40  40  6  95  91  76  8  56  14  19  92  11  37  12  11  9  75  83  81  63  54  57  63  28  50  39  49  85  99  3  2  95  100  54  32  21  25  81  8  78  25  92  33  6  2  80  22  46  0  53  41  30  95  49  81  47  56  62  29  33  43  46  19  65  
78  56  81  82  82  41  30  64  100  49  55  22  88  84  7  13  14  56  78  64  43  35  53  85  17  49  99  29  87  3  45  27  52  57  44  59  36  59  31  72  64  79  57  54  8  44  32  61  31  74  91  33  85  4  98  89  95  84  19  6  37  67  88  2  22  66  74  91  55  68  10  87  75  1  3  41  35  97  22  95  61  24  65  29  53  0  3  75  52  66  45  58  41  36  62  28  71  91  49  51  
36  76  46  18  20  69  22  12  68  91  92  78  3  8  34  65  93  96  3  90  79  25  12  71  34  86  57  54  21  70  5  11  41  9  38  31  1  41  4  100  49  42  72  85  68  78  65  67  62  98  9  88  30  31  72  68  8  87  74  34  82  75  55  44  48  96  80  81  16  97  52  88  87  81  44  93  37  3  48  40  20  15  78  6  41  3  0  1  87  47  22  47  95  83  21  37  80  53  79  24  
100  80  6  91  96  100  3  68  2  28  21  76  43  31  91  40  26  21  45  10  46  7  35  92  41  14  55  29  14  7  71  5  21  68  64  77  12  94  26  91  23  55  98  4  27  67  46  43  49  71  12  77  77  82  15  26  43  98  97  59  68  85  13  38  92  95  7  51  32  12  55  53  63  11  87  61  41  81  41  33  36  50  25  85  30  75  1  0  59  20  78  72  86  59  23  67  6  66  33  44  
48  29  43  89  1  99  5  82  27  18  68  79  50  38  60  5  22  60  16  46  14  99  26  18  74  38  31  44  82  8  88  12  45  61  42  55  39  57  62  62  2  71  96  6  14  97  49  10  7  9  42  96  30  71  49  81  58  26  32  83  59  94  9  7  87  41  48  4  84  22  8  96  81  47  76  98  67  23  89  16  82  12  48  16  95  52  87  59  0  53  86  44  90  97  68  93  46  4  46  92  
91  79  3  92  78  64  100  47  79  26  67  91  3  25  42  39  67  31  27  74  85  39  86  11  21  97  58  6  38  72  83  47  10  16  50  95  95  43  70  72  56  81  55  84  90  69  78  81  25  95  89  16  77  100  77  39  54  66  69  13  32  70  73  43  92  67  43  8  57  4  97  96  24  2  58  92  29  10  48  42  2  33  75  1  49  66  47  20  53  0  74  87  98  34  69  19  8  46  80  58  
77  76  61  28  99  94  33  61  96  49  36  71  68  93  100  88  7  11  2  14  25  99  82  33  20  3  72  30  87  23  18  22  88  38  85  47  66  83  32  73  58  15  14  7  20  45  38  85  37  35  40  69  4  23  96  14  82  3  83  94  76  46  73  39  32  61  49  66  86  69  100  76  19  35  42  37  30  62  27  65  9  13  90  96  81  45  22  78  86  74  0  49  99  95  34  9  93  86  65  61  
69  16  34  69  92  82  41  92  57  74  74  79  12  65  37  61  10  77  11  82  3  25  40  79  7  41  52  78  92  70  99  89  58  3  57  60  23  88  11  46  63  78  94  53  60  30  93  21  90  22  46  68  54  84  54  68  2  48  90  96  63  85  55  58  3  24  77  29  74  86  45  74  58  47  16  95  74  3  34  26  56  82  33  30  47  58  47  72  44  87  49  0  23  60  18  51  79  29  10  71  
12  38  26  23  12  34  39  60  13  14  8  59  87  24  82  78  13  14  90  41  59  44  11  29  82  32  100  8  74  26  86  19  46  79  100  89  100  55  44  19  71  85  67  47  3  2  51  35  47  22  23  10  54  82  75  43  30  2  14  60  16  24  46  2  70  87  29  78  86  23  82  73  94  35  40  35  90  44  40  98  4  75  93  28  56  41  95  86  90  98  99  23  0  91  64  35  57  30  47  52  
48  34  8  23  97  5  97  6  73  91  86  79  21  38  22  43  10  29  9  5  35  79  89  26  8  31  91  35  9  81  27  27  55  27  23  89  54  12  1  17  82  93  18  43  81  5  73  14  45  83  1  18  69  89  97  10  36  48  99  89  54  66  54  81  70  60  6  11  51  20  24  50  14  36  89  43  6  96  98  61  96  82  71  66  62  36  83  59  97  34  95  60  91  0  90  82  43  94  67  8  
78  11  94  61  72  19  14  28  84  1  89  62  22  65  99  78  69  3  51  67  20  54  47  38  100  34  12  91  30  49  81  34  7  77  13  27  97  29  58  24  21  18  7  17  72  75  65  77  73  78  71  12  26  68  86  80  7  59  32  52  11  53  52  97  82  38  83  84  71  4  86  12  45  26  44  2  34  10  29  28  58  43  58  1  29  62  21  23  68  69  34  18  64  90  0  97  4  7  90  26  
23  37  14  24  52  73  71  92  95  71  12  76  42  59  75  36  28  68  28  44  82  51  87  41  82  38  94  57  79  25  81  57  61  28  92  9  52  43  90  71  27  66  35  91  41  59  63  71  59  63  65  43  24  35  60  61  86  99  58  2  61  9  88  22  26  32  90  26  87  1  16  7  92  38  11  44  62  55  90  23  29  36  44  81  33  28  37  67  93  19  9  51  35  82  97  0  58  99  71  4  
55  64  80  53  91  38  96  6  24  51  14  47  33  87  55  32  28  97  14  31  64  17  61  55  96  47  7  42  32  88  56  3  27  28  7  65  33  84  95  24  79  66  39  72  80  30  7  68  43  28  35  91  83  14  12  74  38  27  29  71  26  29  65  6  28  2  95  14  73  72  35  64  58  61  8  95  36  36  68  79  19  54  88  76  43  71  80  6  46  8  93  79  57  43  4  58  0  17  8  6  
29  2  61  20  11  71  78  85  71  5  66  36  84  57  12  30  58  89  25  85  88  47  48  31  65  5  77  93  99  32  50  70  15  89  28  5  51  66  20  63  21  91  48  91  33  35  11  82  54  58  23  78  30  86  89  53  25  75  45  91  32  41  77  91  92  75  46  15  15  83  20  85  81  21  25  96  91  10  79  13  44  69  90  38  46  91  53  66  4  46  86  29  30  94  7  99  17  0  32  83  
63  29  34  96  40  65  50  89  61  76  58  30  51  20  91  75  46  69  2  6  62  18  6  83  14  46  53  37  83  95  10  88  65  35  58  70  88  40  100  76  74  29  81  90  52  43  24  33  40  67  99  86  94  98  37  52  34  43  29  97  92  2  3  13  31  66  69  60  48  50  1  39  98  58  32  29  61  19  19  22  44  58  58  76  19  49  79  33  46  80  65  10  47  67  90  71  8  32  0  10  
90  73  74  55  62  59  37  92  79  67  35  24  7  52  27  61  20  56  95  11  73  94  97  13  17  20  35  89  32  14  81  24  100  49  7  21  21  40  37  73  44  99  39  4  74  5  27  34  91  92  73  73  56  87  83  30  55  43  37  41  45  88  72  81  70  28  55  77  12  49  36  34  85  89  64  81  35  91  57  14  17  32  90  94  65  51  24  44  92  58  61  71  52  8  26  4  6  83  10  0  
